589.9403
589.9403
588.5423
589.9403
589.9403
589.9403
589.9403
588.5423
589.9403
588.5423
588.5423
588.5423
588.5423
588.5423
588.5423
588.5423
588.5423
587.1444
588.5423
587.1444
587.1444
587.1444
587.1444
587.1444
587.1444
587.1444
587.1444
587.1444
587.1444
587.1444
585.7464
585.7464
587.1444
587.1444
585.7464
585.7464
585.7464
585.7464
585.7464
585.7464
585.7464
585.7464
584.3485
585.7464
585.7464
585.7464
584.3485
585.7464
584.3485
584.3485
584.3485
584.3485
584.3485
584.3485
584.3485
584.3485
584.3485
584.3485
584.3485
584.3485
582.9505
584.3485
584.3485
582.9505
584.3485
584.3485
582.9505
584.3485
584.3485
582.9505
582.9505
582.9505
582.9505
582.9505
582.9505
584.3485
582.9505
582.9505
582.9505
582.9505
582.9505
582.9505
582.9505
581.5525
582.9505
581.5525
582.9505
582.9505
582.9505
582.9505
582.9505
582.9505
582.9505
582.9505
582.9505
581.5525
582.9505
581.5525
581.5525
582.9505
581.5525
581.5525
581.5525
581.5525
581.5525
581.5525
581.5525
581.5525
581.5525
581.5525
581.5525
581.5525
581.5525
581.5525
581.5525
581.5525
580.1546
580.1546
580.1546
581.5525
580.1546
581.5525
580.1546
580.1546
580.1546
580.1546
580.1546
581.5525
580.1546
580.1546
580.1546
580.1546
580.1546
580.1546
580.1546
580.1546
580.1546
580.1546
580.1546
580.1546
580.1546
580.1546
580.1546
580.1546
581.5525
581.5525
580.1546
581.5525
580.1546
580.1546
580.1546
581.5525
581.5525
581.5525
580.1546
581.5525
581.5525
581.5525
582.9505
582.9505
581.5525
581.5525
582.9505
582.9505
582.9505
582.9505
582.9505
584.3485
584.3485
582.9505
584.3485
582.9505
584.3485
584.3485
584.3485
584.3485
584.3485
584.3485
585.7464
584.3485
585.7464
585.7464
587.1444
585.7464
585.7464
585.7464
585.7464
587.1444
585.7464
587.1444
587.1444
587.1444
587.1444
587.1444
587.1444
587.1444
587.1444
587.1444
587.1444
587.1444
587.1444
587.1444
587.1444
587.1444
587.1444
587.1444
588.5423
587.1444
587.1444
587.1444
587.1444
587.1444
587.1444
588.5423
587.1444
587.1444
587.1444
587.1444
587.1444
587.1444
587.1444
587.1444
587.1444
588.5423
587.1444
587.1444
587.1444
587.1444
587.1444
587.1444
588.5423
587.1444
587.1444
587.1444
587.1444
587.1444
587.1444
587.1444
587.1444
587.1444
587.1444
587.1444
587.1444
587.1444
587.1444
587.1444
587.1444
588.5423
587.1444
587.1444
587.1444
587.1444
585.7464
587.1444
587.1444
587.1444
587.1444
585.7464
585.7464
585.7464
585.7464
587.1444
587.1444
587.1444
585.7464
585.7464
587.1444
587.1444
587.1444
585.7464
585.7464
585.7464
587.1444
587.1444
587.1444
585.7464
587.1444
585.7464
585.7464
585.7464
585.7464
585.7464
585.7464
587.1444
587.1444
585.7464
585.7464
585.7464
585.7464
587.1444
585.7464
585.7464
585.7464
585.7464
587.1444
585.7464
585.7464
587.1444
585.7464
585.7464
587.1444
585.7464
585.7464
587.1444
587.1444
587.1444
585.7464
587.1444
587.1444
587.1444
587.1444
585.7464
585.7464
585.7464
587.1444
585.7464
585.7464
585.7464
585.7464
587.1444
585.7464
585.7464
585.7464
585.7464
585.7464
585.7464
587.1444
585.7464
585.7464
585.7464
585.7464
585.7464
585.7464
585.7464
585.7464
585.7464
585.7464
585.7464
585.7464
585.7464
585.7464
585.7464
585.7464
585.7464
585.7464
585.7464
585.7464
585.7464
585.7464
585.7464
584.3485
584.3485
585.7464
585.7464
584.3485
584.3485
585.7464
584.3485
584.3485
585.7464
585.7464
585.7464
584.3485
584.3485
584.3485
584.3485
584.3485
585.7464
584.3485
584.3485
585.7464
584.3485
584.3485
585.7464
584.3485
584.3485
585.7464
585.7464
584.3485
585.7464
585.7464
585.7464
585.7464
585.7464
584.3485
585.7464
585.7464
585.7464
585.7464
585.7464
585.7464
585.7464
585.7464
585.7464
585.7464
585.7464
584.3485
585.7464
585.7464
585.7464
585.7464
585.7464
585.7464
585.7464
584.3485
585.7464
585.7464
585.7464
585.7464
585.7464
585.7464
585.7464
585.7464
584.3485
585.7464
585.7464
585.7464
585.7464
585.7464
585.7464
585.7464
585.7464
585.7464
585.7464
585.7464
587.1444
585.7464
585.7464
585.7464
585.7464
585.7464
585.7464
585.7464
584.3485
585.7464
585.7464
585.7464
585.7464
585.7464
585.7464
584.3485
585.7464
584.3485
584.3485
585.7464
585.7464
584.3485
584.3485
585.7464
585.7464
584.3485
584.3485
584.3485
584.3485
584.3485
584.3485
584.3485
584.3485
584.3485
585.7464
589.9403
589.9403
588.5423
589.9403
589.9403
589.9403
589.9403
588.5423
589.9403
588.5423
588.5423
588.5423
588.5423
588.5423
588.5423
588.5423
588.5423
587.1444
588.5423
587.1444
587.1444
587.1444
587.1444
587.1444
587.1444
587.1444
587.1444
587.1444
587.1444
587.1444
585.7464
585.7464
587.1444
587.1444
585.7464
585.7464
585.7464
585.7464
585.7464
585.7464
585.7464
585.7464
584.3485
585.7464
585.7464
585.7464
584.3485
585.7464
584.3485
584.3485
584.3485
584.3485
584.3485
584.3485
584.3485
584.3485
584.3485
584.3485
584.3485
584.3485
582.9505
584.3485
584.3485
582.9505
584.3485
584.3485
582.9505
584.3485
584.3485
582.9505
582.9505
582.9505
582.9505
582.9505
582.9505
584.3485
582.9505
582.9505
582.9505
582.9505
582.9505
582.9505
582.9505
581.5525
582.9505
581.5525
582.9505
582.9505
582.9505
582.9505
582.9505
582.9505
582.9505
582.9505
582.9505
581.5525
582.9505
581.5525
581.5525
582.9505
581.5525
581.5525
581.5525
581.5525
581.5525
581.5525
581.5525
581.5525
581.5525
581.5525
581.5525
581.5525
581.5525
581.5525
581.5525
581.5525
580.1546
580.1546
580.1546
581.5525
580.1546
581.5525
580.1546
580.1546
580.1546
580.1546
580.1546
581.5525
580.1546
580.1546
580.1546
580.1546
580.1546
580.1546
580.1546
580.1546
580.1546
580.1546
580.1546
580.1546
580.1546
580.1546
580.1546
580.1546
581.5525
581.5525
580.1546
581.5525
580.1546
580.1546
580.1546
581.5525
581.5525
581.5525
580.1546
581.5525
581.5525
581.5525
582.9505
582.9505
581.5525
581.5525
582.9505
582.9505
582.9505
582.9505
582.9505
584.3485
584.3485
582.9505
584.3485
582.9505
584.3485
584.3485
584.3485
584.3485
584.3485
584.3485
585.7464
584.3485
585.7464
585.7464
587.1444
585.7464
585.7464
585.7464
585.7464
587.1444
585.7464
587.1444
587.1444
587.1444
587.1444
587.1444
587.1444
587.1444
587.1444
587.1444
587.1444
587.1444
587.1444
587.1444
587.1444
587.1444
587.1444
587.1444
588.5423
587.1444
587.1444
587.1444
587.1444
587.1444
587.1444
588.5423
587.1444
587.1444
587.1444
587.1444
587.1444
587.1444
587.1444
587.1444
587.1444
588.5423
587.1444
587.1444
587.1444
587.1444
587.1444
587.1444
588.5423
587.1444
587.1444
587.1444
587.1444
587.1444
587.1444
587.1444
587.1444
587.1444
587.1444
587.1444
587.1444
587.1444
587.1444
587.1444
587.1444
588.5423
587.1444
587.1444
587.1444
587.1444
585.7464
587.1444
587.1444
587.1444
587.1444
585.7464
585.7464
585.7464
585.7464
587.1444
587.1444
587.1444
585.7464
585.7464
587.1444
587.1444
587.1444
585.7464
585.7464
585.7464
587.1444
587.1444
587.1444
585.7464
587.1444
585.7464
585.7464
585.7464
585.7464
585.7464
585.7464
587.1444
587.1444
585.7464
585.7464
585.7464
585.7464
587.1444
585.7464
585.7464
585.7464
585.7464
587.1444
585.7464
585.7464
587.1444
585.7464
585.7464
587.1444
585.7464
585.7464
587.1444
587.1444
587.1444
585.7464
587.1444
587.1444
587.1444
587.1444
585.7464
585.7464
585.7464
587.1444
585.7464
585.7464
585.7464
585.7464
587.1444
585.7464
585.7464
585.7464
585.7464
585.7464
585.7464
587.1444
585.7464
585.7464
585.7464
585.7464
585.7464
585.7464
585.7464
585.7464
585.7464
585.7464
585.7464
585.7464
585.7464
585.7464
585.7464
585.7464
585.7464
585.7464
585.7464
585.7464
585.7464
585.7464
585.7464
584.3485
584.3485
585.7464
585.7464
584.3485
584.3485
585.7464
584.3485
584.3485
585.7464
585.7464
585.7464
584.3485
584.3485
584.3485
584.3485
584.3485
585.7464
584.3485
584.3485
585.7464
584.3485
584.3485
585.7464
584.3485
584.3485
585.7464
585.7464
584.3485
585.7464
585.7464
585.7464
585.7464
585.7464
584.3485
585.7464
585.7464
585.7464
585.7464
585.7464
585.7464
585.7464
585.7464
585.7464
585.7464
585.7464
584.3485
585.7464
585.7464
585.7464
585.7464
585.7464
585.7464
585.7464
584.3485
585.7464
585.7464
585.7464
585.7464
585.7464
585.7464
585.7464
585.7464
584.3485
585.7464
585.7464
585.7464
585.7464
585.7464
585.7464
585.7464
585.7464
585.7464
585.7464
585.7464
587.1444
585.7464
585.7464
585.7464
585.7464
585.7464
585.7464
585.7464
584.3485
585.7464
585.7464
585.7464
585.7464
585.7464
585.7464
584.3485
585.7464
584.3485
584.3485
585.7464
585.7464
584.3485
584.3485
585.7464
585.7464
584.3485
584.3485
584.3485
584.3485
584.3485
584.3485
584.3485
584.3485
584.3485
585.7464
584.3485
584.3485
584.3485
584.3485
582.9505
584.3485
584.3485
584.3485
584.3485
584.3485
584.3485
584.3485
582.9505
584.3485
584.3485
584.3485
584.3485
584.3485
584.3485
584.3485
584.3485
582.9505
584.3485
584.3485
584.3485
584.3485
584.3485
584.3485
584.3485
584.3485
584.3485
584.3485
584.3485
584.3485
584.3485
584.3485
584.3485
584.3485
584.3485
584.3485
585.7464
585.7464
585.7464
584.3485
585.7464
585.7464
587.1444
585.7464
585.7464
585.7464
585.7464
585.7464
587.1444
585.7464
587.1444
585.7464
585.7464
585.7464
587.1444
587.1444
587.1444
587.1444
587.1444
587.1444
587.1444
587.1444
587.1444
587.1444
587.1444
588.5423
587.1444
587.1444
587.1444
587.1444
587.1444
587.1444
587.1444
587.1444
587.1444
587.1444
587.1444
587.1444
587.1444
587.1444
587.1444
587.1444
587.1444
587.1444
587.1444
587.1444
587.1444
587.1444
587.1444
587.1444
587.1444
587.1444
587.1444
587.1444
585.7464
585.7464
585.7464
585.7464
585.7464
585.7464
585.7464
585.7464
585.7464
585.7464
585.7464
585.7464
585.7464
585.7464
585.7464
584.3485
584.3485
584.3485
585.7464
585.7464
585.7464
584.3485
584.3485
584.3485
584.3485
584.3485
584.3485
584.3485
584.3485
585.7464
584.3485
584.3485
584.3485
584.3485
584.3485
584.3485
582.9505
584.3485
584.3485
582.9505
582.9505
584.3485
584.3485
584.3485
584.3485
584.3485
582.9505
584.3485
584.3485
582.9505
584.3485
582.9505
582.9505
582.9505
582.9505
584.3485
584.3485
582.9505
584.3485
582.9505
584.3485
582.9505
582.9505
584.3485
582.9505
582.9505
582.9505
582.9505
582.9505
584.3485
582.9505
582.9505
582.9505
582.9505
582.9505
582.9505
582.9505
582.9505
584.3485
582.9505
584.3485
582.9505
582.9505
582.9505
582.9505
582.9505
584.3485
584.3485
582.9505
582.9505
582.9505
582.9505
584.3485
582.9505
582.9505
584.3485
584.3485
584.3485
584.3485
584.3485
582.9505
584.3485
584.3485
584.3485
584.3485
584.3485
582.9505
584.3485
584.3485
584.3485
584.3485
584.3485
584.3485
584.3485
584.3485
584.3485
584.3485
584.3485
584.3485
584.3485
585.7464
585.7464
584.3485
584.3485
584.3485
584.3485
584.3485
585.7464
584.3485
584.3485
584.3485
584.3485
584.3485
584.3485
584.3485
584.3485
584.3485
584.3485
584.3485
584.3485
584.3485
584.3485
584.3485
585.7464
584.3485
584.3485
584.3485
584.3485
584.3485
584.3485
584.3485
584.3485
585.7464
584.3485
584.3485
584.3485
584.3485
584.3485
584.3485
584.3485
584.3485
584.3485
584.3485
584.3485
584.3485
584.3485
584.3485
584.3485
584.3485
584.3485
584.3485
584.3485
584.3485
584.3485
584.3485
584.3485
584.3485
584.3485
584.3485
584.3485
584.3485
584.3485
584.3485
584.3485
584.3485
584.3485
584.3485
585.7464
584.3485
585.7464
584.3485
585.7464
584.3485
585.7464
584.3485
585.7464
585.7464
584.3485
584.3485
585.7464
585.7464
585.7464
585.7464
587.1444
585.7464
585.7464
585.7464
587.1444
585.7464
585.7464
587.1444
585.7464
585.7464
585.7464
587.1444
587.1444
587.1444
587.1444
587.1444
587.1444
587.1444
587.1444
587.1444
585.7464
587.1444
587.1444
587.1444
587.1444
588.5423
587.1444
587.1444
588.5423
587.1444
587.1444
587.1444
588.5423
587.1444
588.5423
587.1444
587.1444
587.1444
588.5423
587.1444
587.1444
587.1444
587.1444
587.1444
588.5423
587.1444
587.1444
587.1444
587.1444
587.1444
588.5423
587.1444
587.1444
587.1444
587.1444
587.1444
587.1444
587.1444
587.1444
587.1444
587.1444
587.1444
587.1444
587.1444
587.1444
587.1444
587.1444
587.1444
587.1444
587.1444
587.1444
587.1444
587.1444
585.7464
587.1444
587.1444
587.1444
587.1444
587.1444
587.1444
587.1444
587.1444
587.1444
587.1444
587.1444
585.7464
585.7464
587.1444
585.7464
585.7464
585.7464
585.7464
585.7464
585.7464
585.7464
587.1444
585.7464
585.7464
585.7464
585.7464
585.7464
585.7464
585.7464
585.7464
585.7464
585.7464
585.7464
585.7464
585.7464
585.7464
585.7464
585.7464
585.7464
585.7464
585.7464
585.7464
585.7464
585.7464
585.7464
585.7464
585.7464
585.7464
585.7464
585.7464
585.7464
585.7464
585.7464
585.7464
585.7464
585.7464
584.3485
584.3485
585.7464
585.7464
584.3485
585.7464
584.3485
585.7464
584.3485
584.3485
585.7464
584.3485
585.7464
585.7464
585.7464
585.7464
585.7464
585.7464
584.3485
584.3485
584.3485
584.3485
584.3485
584.3485
585.7464
584.3485
584.3485
584.3485
584.3485
584.3485
584.3485
584.3485
584.3485
584.3485
584.3485
584.3485
582.9505
584.3485
582.9505
582.9505
582.9505
584.3485
582.9505
582.9505
584.3485
582.9505
582.9505
584.3485
582.9505
582.9505
582.9505
582.9505
582.9505
582.9505
582.9505
582.9505
582.9505
582.9505
582.9505
582.9505
582.9505
582.9505
582.9505
582.9505
582.9505
582.9505
581.5525
582.9505
582.9505
582.9505
582.9505
582.9505
582.9505
582.9505
582.9505
582.9505
582.9505
582.9505
582.9505
582.9505
582.9505
582.9505
582.9505
582.9505
582.9505
582.9505
582.9505
582.9505
582.9505
582.9505
582.9505
582.9505
581.5525
582.9505
582.9505
582.9505
582.9505
582.9505
582.9505
582.9505
582.9505
584.3485
582.9505
582.9505
582.9505
582.9505
582.9505
584.3485
582.9505
582.9505
582.9505
584.3485
582.9505
584.3485
582.9505
582.9505
582.9505
584.3485
582.9505
582.9505
584.3485
582.9505
584.3485
582.9505
582.9505
582.9505
584.3485
582.9505
584.3485
582.9505
584.3485
582.9505
584.3485
584.3485
584.3485
582.9505
582.9505
582.9505
582.9505
582.9505
584.3485
584.3485
582.9505
584.3485
584.3485
582.9505
584.3485
584.3485
584.3485
582.9505
582.9505
584.3485
584.3485
584.3485
584.3485
584.3485
584.3485
584.3485
584.3485
584.3485
584.3485
584.3485
584.3485
584.3485
584.3485
584.3485
584.3485
582.9505
584.3485
584.3485
584.3485
584.3485
584.3485
584.3485
584.3485
584.3485
584.3485
582.9505
584.3485
582.9505
582.9505
582.9505
582.9505
582.9505
582.9505
582.9505
581.5525
582.9505
582.9505
581.5525
581.5525
581.5525
581.5525
581.5525
580.1546
580.1546
580.1546
580.1546
578.7566
580.1546
580.1546
578.7566
578.7566
578.7566
578.7566
578.7566
578.7566
577.3586
578.7566
577.3586
577.3586
578.7566
575.9607
577.3586
577.3586
577.3586
575.9607
575.9607
575.9607
575.9607
575.9607
574.5627
574.5627
574.5627
574.5627
574.5627
574.5627
574.5627
573.1648
574.5627
573.1648
573.1648
571.7668
573.1648
573.1648
571.7668
571.7668
571.7668
571.7668
571.7668
571.7668
571.7668
571.7668
570.3688
570.3688
570.3688
570.3688
568.9709
570.3688
568.9709
568.9709
567.5729
568.9709
568.9709
567.5729
567.5729
567.5729
566.1749
566.1749
566.1749
564.777
564.777
563.379
563.379
561.9811
561.9811
561.9811
560.5831
560.5831
559.1851
559.1851
559.1851
557.7872
556.3892
556.3892
554.9912
554.9912
553.5933
552.1953
552.1953
550.7973
550.7973
550.7973
549.3994
549.3994
548.0014
548.0014
546.6035
545.2055
545.2055
543.8075
543.8075
542.4096
541.0116
541.0116
539.6136
538.2157
538.2157
535.4198
535.4198
534.0218
534.0218
532.6238
531.2259
529.8279
528.4299
528.4299
527.032
525.634
524.2361
522.8381
521.4401
520.0422
518.6442
518.6442
517.2462
515.8483
514.4503
513.0524
511.6544
510.2564
508.8585
506.0625
506.0625
504.6646
501.8687
501.8687
500.4707
497.6748
496.2768
494.8788
494.8788
493.4809
490.6849
489.287
487.889
486.4911
485.0931
482.2972
482.2972
479.5012
479.5012
478.1033
476.7053
475.3074
473.9094
472.5114
471.1135
469.7155
468.3175
466.9196
465.5216
464.1237
464.1237
461.3277
459.9298
459.9298
458.5318
455.7359
454.3379
454.3379
452.94
451.542
448.7461
447.3481
445.9501
444.5522
443.1542
441.7563
440.3583
437.5624
437.5624
436.1644
434.7664
433.3685
431.9705
429.1746
427.7766
427.7766
424.9807
423.5827
422.1848
420.7868
419.3888
416.5929
415.195
413.797
412.399
409.6031
408.2051
405.4092
402.6133
401.2153
398.4194
397.0214
394.2255
391.4296
390.0316
387.2357
385.8377
383.0418
380.2459
377.45
374.654
373.2561
370.4601
369.0622
364.8683
363.4703
362.0724
359.2764
356.4805
355.0826
353.6846
350.8887
348.0927
346.6948
343.8989
341.1029
339.705
336.909
334.1131
331.3172
329.9192
327.1233
324.3274
322.9294
320.1335
318.7355
317.3376
314.5416
311.7457
310.3477
308.9498
307.5518
306.1539
304.7559
304.7559
303.3579
301.96
301.96
300.562
300.562
300.562
300.562
300.562
299.164
299.164
299.164
299.164
297.7661
297.7661
296.3681
297.7661
296.3681
296.3681
296.3681
296.3681
294.9702
294.9702
294.9702
294.9702
294.9702
294.9702
293.5722
293.5722
293.5722
293.5722
293.5722
293.5722
293.5722
293.5722
294.9702
294.9702
294.9702
294.9702
296.3681
296.3681
294.9702
296.3681
296.3681
297.7661
297.7661
297.7661
297.7661
299.164
297.7661
299.164
299.164
299.164
300.562
300.562
300.562
301.96
301.96
303.3579
303.3579
304.7559
304.7559
306.1539
307.5518
307.5518
308.9498
310.3477
311.7457
313.1437
313.1437
314.5416
315.9396
317.3376
318.7355
318.7355
321.5314
321.5314
322.9294
322.9294
324.3274
324.3274
325.7253
325.7253
325.7253
327.1233
327.1233
327.1233
328.5213
328.5213
328.5213
329.9192
328.5213
329.9192
329.9192
329.9192
329.9192
329.9192
331.3172
329.9192
329.9192
329.9192
331.3172
331.3172
332.7152
332.7152
332.7152
332.7152
334.1131
334.1131
334.1131
334.1131
335.5111
335.5111
336.909
336.909
336.909
338.307
338.307
339.705
341.1029
342.5009
343.8989
343.8989
346.6948
349.4907
350.8887
352.2866
353.6846
356.4805
359.2764
360.6744
363.4703
364.8683
367.6642
370.4601
371.8581
374.654
377.45
380.2459
383.0418
384.4398
388.6337
390.0316
391.4296
395.6235
397.0214
399.8174
402.6133
405.4092
408.2051
411.0011
412.399
415.195
417.9909
420.7868
422.1848
424.9807
427.7766
429.1746
430.5725
433.3685
434.7664
437.5624
438.9603
440.3583
443.1542
444.5522
445.9501
447.3481
450.144
451.542
452.94
454.3379
457.1338
458.5318
459.9298
462.7257
465.5216
468.3175
469.7155
473.9094
476.7053
479.5012
482.2972
485.0931
489.287
490.6849
494.8788
497.6748
500.4707
504.6646
508.8585
511.6544
514.4503
517.2462
521.4401
524.2361
527.032
531.2259
534.0218
538.2157
542.4096
545.2055
549.3994
552.1953
557.7872
560.5831
564.777
568.9709
571.7668
575.9607
580.1546
584.3485
585.7464
591.3383
594.1342
596.9301
601.124
603.9199
608.1138
610.9098
612.3077
615.1036
619.2975
622.0935
624.8894
629.0833
631.8792
636.0731
640.267
643.0629
647.2568
650.0527
654.2466
658.4405
662.6344
666.8283
671.0222
675.216
679.4099
683.6038
689.1957
693.3896
697.5834
700.3794
704.5733
708.7671
712.961
717.1549
719.9509
724.1447
728.3386
731.1346
733.9305
736.7264
740.9203
742.3183
746.5121
750.706
753.502
756.2979
759.0938
763.2877
766.0836
770.2775
773.0734
777.2673
780.0633
785.6551
787.0531
791.247
794.0429
798.2368
801.0327
803.8286
808.0225
810.8184
813.6144
815.0123
817.8082
820.6042
822.0021
824.7981
826.196
828.992
831.7879
833.1858
835.9818
835.9818
838.7777
840.1757
842.9716
844.3695
847.1655
848.5634
849.9614
851.3594
854.1553
855.5532
856.9512
859.7471
861.1451
862.5431
863.941
865.339
866.7369
868.1349
869.5329
870.9308
872.3288
873.7268
875.1247
876.5227
877.9206
879.3186
880.7166
882.1145
884.9105
886.3084
889.1044
891.9003
893.2982
896.0942
898.8901
901.686
904.4819
908.6758
910.0738
912.8697
915.6656
918.4616
922.6555
925.4514
926.8493
929.6453
931.0432
933.8392
936.6351
938.0331
939.431
942.2269
943.6249
945.0229
946.4208
946.4208
947.8188
949.2168
950.6147
950.6147
953.4106
953.4106
954.8086
956.2066
956.2066
957.6045
959.0025
960.4005
959.0025
960.4005
961.7984
961.7984
961.7984
961.7984
963.1964
963.1964
963.1964
963.1964
963.1964
963.1964
963.1964
963.1964
963.1964
964.5943
963.1964
963.1964
963.1964
963.1964
963.1964
963.1964
963.1964
963.1964
963.1964
964.5943
963.1964
963.1964
964.5943
964.5943
964.5943
964.5943
965.9923
965.9923
965.9923
965.9923
965.9923
965.9923
965.9923
965.9923
967.3903
967.3903
965.9923
967.3903
967.3903
965.9923
967.3903
965.9923
965.9923
965.9923
965.9923
965.9923
964.5943
965.9923
964.5943
965.9923
965.9923
965.9923
965.9923
965.9923
967.3903
967.3903
967.3903
967.3903
967.3903
968.7882
968.7882
968.7882
970.1862
970.1862
970.1862
971.5842
971.5842
970.1862
971.5842
971.5842
970.1862
970.1862
970.1862
970.1862
968.7882
968.7882
967.3903
967.3903
965.9923
965.9923
964.5943
964.5943
963.1964
963.1964
961.7984
960.4005
959.0025
959.0025
959.0025
957.6045
957.6045
957.6045
957.6045
956.2066
956.2066
956.2066
956.2066
956.2066
954.8086
956.2066
954.8086
954.8086
956.2066
956.2066
956.2066
956.2066
956.2066
957.6045
956.2066
957.6045
957.6045
959.0025
959.0025
960.4005
961.7984
961.7984
963.1964
964.5943
964.5943
965.9923
967.3903
970.1862
971.5842
974.3801
975.778
978.574
978.574
981.3699
984.1658
985.5638
988.3597
991.1556
995.3495
996.7475
1000.9414
1005.1353
1007.9312
1012.1251
1014.921
1019.1149
1021.9108
1027.5027
1031.6966
1035.8904
1040.0843
1042.8803
1048.4721
1052.666
1056.8599
1061.0538
1065.2477
1070.8395
1073.6354
1079.2273
1084.8191
1089.013
1094.6049
1098.7988
1104.3906
1109.9825
1114.1764
1119.7682
1125.3601
1130.9519
1136.5438
1140.7377
1147.7275
1151.9214
1158.9112
1164.503
1170.0949
1175.6867
1181.2786
1188.2684
1193.8602
1199.4521
1205.0439
1212.0338
1217.6256
1223.2175
1228.8093
1235.7991
1239.993
1246.9828
1252.5747
1258.1665
1263.7584
1270.7482
1276.3401
1281.9319
1287.5238
1294.5136
1300.1054
1307.0952
1312.6871
1319.6769
1326.6667
1330.8606
1339.2484
1344.8402
1351.83
1357.4219
1364.4117
1371.4015
1376.9934
1383.9832
1388.1771
1395.1669
1400.7587
1407.7486
1413.3404
1420.3302
1425.9221
1431.5139
1437.1058
1442.6976
1449.6874
1455.2793
1459.4732
1465.065
1470.6569
1474.8508
1480.4426
1486.0345
1490.2284
1493.0243
1498.6161
1502.81
1505.606
1509.7998
1513.9937
1516.7897
1519.5856
1523.7795
1526.5754
1529.3713
1530.7693
1533.5652
1536.3611
1537.7591
1540.555
1541.953
1544.7489
1546.1469
1547.5448
1547.5448
1550.3408
1550.3408
1551.7387
1553.1367
1554.5347
1554.5347
1554.5347
1554.5347
1555.9326
1555.9326
1555.9326
1557.3306
1555.9326
1557.3306
1557.3306
1557.3306
1557.3306
1557.3306
1557.3306
1555.9326
1557.3306
1555.9326
1555.9326
1554.5347
1554.5347
1553.1367
1553.1367
1551.7387
1551.7387
1550.3408
1550.3408
1548.9428
1547.5448
1547.5448
1546.1469
1544.7489
1544.7489
1543.3509
1543.3509
1544.7489
1544.7489
1544.7489
1544.7489
1544.7489
1544.7489
1544.7489
1544.7489
1544.7489
1543.3509
1541.953
1541.953
1541.953
1540.555
1539.1571
1539.1571
1539.1571
1537.7591
1534.9632
1533.5652
1533.5652
1532.1672
1529.3713
1527.9734
1526.5754
1523.7795
1522.3815
1519.5856
1518.1876
1516.7897
1515.3917
1512.5958
1509.7998
1507.0039
1504.208
1501.4121
1498.6161
1494.4223
1493.0243
1490.2284
1486.0345
1483.2385
1480.4426
1476.2487
1473.4528
1469.2589
1465.065
1460.8711
1456.6773
1452.4834
1448.2895
1444.0956
1438.5037
1434.3099
1428.718
1423.1261
1418.9323
1413.3404
1406.3506
1400.7587
1393.7689
1386.7791
1379.7893
1372.7995
1365.8097
1357.4219
1349.0341
1342.0443
1333.6565
1325.2688
1316.881
1307.0952
1298.7075
1288.9217
1277.738
1266.5543
1256.7686
1245.5849
1234.4012
1221.8195
1210.6358
1198.0541
1185.4725
1172.8908
1158.9112
1144.9315
1129.554
1114.1764
1097.4008
1079.2273
1061.0538
1041.4823
1023.3088
1002.3393
981.3699
961.7984
939.431
918.4616
896.0942
870.9308
845.7675
822.0021
796.8388
771.6755
745.1142
718.5529
690.5936
662.6344
631.8792
602.522
571.7668
541.0116
508.8585
478.1033
444.5522
412.399
381.6438
349.4907
318.7355
289.3783
258.6231
230.6639
202.7046
173.3474
148.1841
124.4187
102.0513
83.8778
69.8981
54.5205
41.9389
32.1531
22.3674
19.5715
13.9796
8.3878
4.1939
1.398
1.398
1.398
1.398
2.7959
1.398
0
1.398
1.398
2.7959
1.398
1.398
1.398
1.398
2.7959
1.398
1.398
1.398
2.7959
2.7959
1.398
1.398
1.398
1.398
1.398
1.398
1.398
1.398
2.7959
2.7959
1.398
1.398
1.398
1.398
1.398
1.398
1.398
1.398
0
1.398
1.398
1.398
1.398
1.398
1.398
1.398
1.398
1.398
1.398
1.398
1.398
1.398
1.398
1.398
1.398
2.7959
1.398
1.398
1.398
1.398
1.398
1.398
1.398
1.398
1.398
1.398
1.398
0
1.398
1.398
1.398
1.398
1.398
1.398
1.398
1.398
1.398
1.398
1.398
1.398
1.398
1.398
1.398
1.398
1.398
1.398
1.398
1.398
1.398
0
1.398
0
1.398
1.398
1.398
0
1.398
1.398
1.398
1.398
1.398
1.398
1.398
1.398
1.398
1.398
1.398
0
1.398
1.398
1.398
1.398
1.398
1.398
1.398
1.398
1.398
1.398
1.398
1.398
1.398
1.398
1.398
1.398
1.398
1.398
1.398
1.398
1.398
1.398
1.398
1.398
0
1.398
1.398
1.398
1.398
1.398
1.398
1.398
1.398
1.398
1.398
1.398
1.398
1.398
1.398
1.398
1.398
0
1.398
1.398
1.398
1.398
1.398
0
1.398
1.398
1.398
1.398
0
1.398
1.398
1.398
1.398
1.398
1.398
1.398
1.398
1.398
1.398
1.398
1.398
1.398
1.398
1.398
1.398
1.398
1.398
1.398
1.398
0
1.398
1.398
1.398
1.398
1.398
1.398
1.398
1.398
1.398
1.398
1.398
1.398
1.398
1.398
1.398
1.398
1.398
1.398
1.398
1.398
1.398
1.398
0
1.398
1.398
1.398
1.398
1.398
1.398
1.398
1.398
1.398
1.398
1.398
1.398
1.398
0
1.398
1.398
1.398
1.398
1.398
1.398
1.398
1.398
1.398
1.398
1.398
1.398
1.398
1.398
1.398
1.398
1.398
1.398
1.398
1.398
1.398
0
0
1.398
0
0
1.398
1.398
1.398
1.398
1.398
1.398
1.398
1.398
1.398
1.398
1.398
1.398
1.398
1.398
1.398
1.398
1.398
0
1.398
1.398
0
1.398
1.398
1.398
1.398
1.398
1.398
1.398
1.398
1.398
1.398
1.398
1.398
1.398
1.398
1.398
1.398
1.398
1.398
1.398
1.398
1.398
1.398
1.398
1.398
1.398
1.398
1.398
1.398
1.398
0
1.398
1.398
1.398
1.398
1.398
1.398
1.398
1.398
1.398
0
1.398
1.398
1.398
1.398
1.398
1.398
1.398
1.398
1.398
1.398
1.398
1.398
1.398
1.398
1.398
1.398
1.398
1.398
1.398
0
1.398
1.398
1.398
1.398
1.398
1.398
1.398
1.398
1.398
1.398
1.398
1.398
1.398
1.398
1.398
1.398
1.398
1.398
1.398
1.398
1.398
1.398
1.398
1.398
1.398
0
0
1.398
1.398
1.398
1.398
1.398
1.398
1.398
1.398
1.398
1.398
1.398
1.398
0
1.398
0
1.398
1.398
1.398
1.398
1.398
0
1.398
1.398
1.398
1.398
1.398
0
1.398
1.398
1.398
1.398
1.398
1.398
1.398
1.398
1.398
1.398
1.398
0
1.398
1.398
1.398
1.398
1.398
1.398
1.398
0
1.398
1.398
0
1.398
1.398
1.398
1.398
1.398
1.398
0
1.398
1.398
1.398
1.398
1.398
1.398
1.398
1.398
1.398
1.398
1.398
1.398
1.398
1.398
1.398
1.398
1.398
1.398
1.398
1.398
1.398
1.398
1.398
1.398
1.398
1.398
1.398
1.398
1.398
1.398
1.398
1.398
1.398
1.398
1.398
0
1.398
1.398
1.398
1.398
0
1.398
1.398
1.398
0
2.7959
1.398
1.398
1.398
1.398
1.398
1.398
1.398
1.398
1.398
1.398
1.398
1.398
1.398
1.398
1.398
1.398
0
1.398
1.398
1.398
1.398
1.398
1.398
1.398
1.398
1.398
1.398
1.398
1.398
1.398
1.398
1.398
1.398
1.398
1.398
1.398
1.398
1.398
1.398
1.398
1.398
0
1.398
1.398
1.398
1.398
1.398
1.398
1.398
1.398
1.398
1.398
1.398
1.398
1.398
1.398
1.398
0
1.398
1.398
1.398
1.398
1.398
0
1.398
0
1.398
1.398
1.398
1.398
1.398
1.398
1.398
1.398
1.398
1.398
1.398
1.398
1.398
0
0
1.398
1.398
1.398
1.398
1.398
1.398
0
1.398
1.398
1.398
1.398
1.398
1.398
1.398
1.398
1.398
1.398
0
1.398
1.398
1.398
1.398
1.398
1.398
1.398
1.398
1.398
1.398
1.398
1.398
1.398
1.398
1.398
1.398
1.398
1.398
1.398
1.398
1.398
1.398
1.398
1.398
0
1.398
1.398
1.398
1.398
1.398
1.398
1.398
1.398
1.398
1.398
0
1.398
1.398
1.398
0
1.398
0
1.398
1.398
1.398
0
0
2.7959
1.398
1.398
1.398
1.398
1.398
1.398
1.398
1.398
1.398
1.398
1.398
1.398
1.398
1.398
0
1.398
1.398
1.398
1.398
1.398
1.398
1.398
1.398
0
0
1.398
1.398
1.398
1.398
1.398
1.398
0
1.398
1.398
1.398
1.398
1.398
1.398
1.398
1.398
1.398
1.398
1.398
1.398
1.398
0
1.398
1.398
1.398
1.398
1.398
1.398
1.398
1.398
1.398
0
1.398
1.398
1.398
1.398
1.398
1.398
1.398
1.398
1.398
1.398
1.398
1.398
1.398
1.398
1.398
1.398
1.398
2.7959
1.398
1.398
1.398
1.398
1.398
1.398
1.398
1.398
1.398
0
1.398
0
1.398
1.398
1.398
1.398
1.398
1.398
1.398
1.398
1.398
1.398
1.398
1.398
1.398
1.398
1.398
1.398
1.398
1.398
1.398
1.398
1.398
1.398
1.398
1.398
1.398
1.398
1.398
1.398
1.398
1.398
1.398
1.398
1.398
1.398
1.398
1.398
1.398
1.398
1.398
1.398
1.398
1.398
1.398
1.398
1.398
1.398
1.398
1.398
1.398
1.398
0
1.398
1.398
1.398
1.398
0
0
1.398
1.398
1.398
0
0
1.398
1.398
0
1.398
1.398
0
1.398
1.398
1.398
1.398
1.398
1.398
1.398
1.398
1.398
1.398
1.398
1.398
0
1.398
1.398
0
0
1.398
1.398
1.398
1.398
1.398
1.398
1.398
1.398
1.398
1.398
1.398
0
1.398
1.398
1.398
1.398
1.398
0
1.398
1.398
1.398
1.398
0
1.398
1.398
1.398
0
1.398
1.398
0
0
0
1.398
0
0
0
1.398
1.398
1.398
0
1.398
1.398
1.398
1.398
1.398
0
1.398
1.398
1.398
1.398
1.398
1.398
0
1.398
1.398
1.398
1.398
1.398
1.398
1.398
1.398
1.398
1.398
1.398
0
1.398
1.398
1.398
1.398
1.398
0
1.398
0
1.398
1.398
1.398
1.398
1.398
1.398
1.398
1.398
0
1.398
0
1.398
1.398
1.398
1.398
1.398
1.398
0
0
1.398
0
1.398
1.398
0
0
0
1.398
0
1.398
1.398
0
1.398
1.398
1.398
1.398
1.398
1.398
1.398
1.398
1.398
1.398
