582.9505
582.9505
584.3485
582.9505
584.3485
582.9505
582.9505
584.3485
582.9505
582.9505
584.3485
582.9505
584.3485
582.9505
584.3485
582.9505
584.3485
582.9505
582.9505
582.9505
584.3485
584.3485
584.3485
584.3485
584.3485
582.9505
582.9505
584.3485
582.9505
582.9505
582.9505
582.9505
582.9505
582.9505
584.3485
584.3485
584.3485
582.9505
582.9505
582.9505
582.9505
584.3485
582.9505
582.9505
582.9505
582.9505
582.9505
582.9505
582.9505
582.9505
582.9505
582.9505
582.9505
582.9505
582.9505
582.9505
582.9505
582.9505
582.9505
582.9505
582.9505
582.9505
582.9505
581.5525
582.9505
582.9505
582.9505
582.9505
582.9505
582.9505
582.9505
582.9505
582.9505
582.9505
582.9505
582.9505
582.9505
582.9505
584.3485
582.9505
582.9505
582.9505
582.9505
584.3485
582.9505
582.9505
584.3485
584.3485
584.3485
584.3485
584.3485
584.3485
584.3485
584.3485
584.3485
584.3485
585.7464
584.3485
585.7464
585.7464
584.3485
585.7464
585.7464
585.7464
585.7464
584.3485
585.7464
585.7464
587.1444
585.7464
585.7464
585.7464
585.7464
585.7464
585.7464
585.7464
585.7464
587.1444
587.1444
585.7464
585.7464
585.7464
585.7464
585.7464
585.7464
587.1444
587.1444
585.7464
585.7464
585.7464
585.7464
585.7464
585.7464
585.7464
585.7464
585.7464
585.7464
585.7464
585.7464
585.7464
585.7464
585.7464
585.7464
585.7464
585.7464
585.7464
585.7464
585.7464
585.7464
585.7464
585.7464
585.7464
585.7464
585.7464
587.1444
585.7464
585.7464
585.7464
585.7464
585.7464
585.7464
587.1444
585.7464
585.7464
585.7464
585.7464
585.7464
585.7464
585.7464
585.7464
585.7464
585.7464
585.7464
585.7464
585.7464
585.7464
585.7464
585.7464
584.3485
587.1444
584.3485
584.3485
584.3485
585.7464
585.7464
584.3485
585.7464
585.7464
585.7464
584.3485
584.3485
585.7464
585.7464
584.3485
585.7464
584.3485
584.3485
584.3485
584.3485
585.7464
584.3485
584.3485
585.7464
584.3485
584.3485
584.3485
584.3485
584.3485
584.3485
584.3485
584.3485
584.3485
584.3485
584.3485
584.3485
584.3485
584.3485
584.3485
582.9505
582.9505
584.3485
584.3485
584.3485
582.9505
582.9505
582.9505
582.9505
582.9505
582.9505
582.9505
582.9505
582.9505
582.9505
582.9505
582.9505
582.9505
581.5525
582.9505
582.9505
581.5525
582.9505
581.5525
582.9505
581.5525
581.5525
582.9505
581.5525
581.5525
582.9505
582.9505
582.9505
582.9505
581.5525
581.5525
581.5525
582.9505
581.5525
581.5525
581.5525
582.9505
582.9505
581.5525
582.9505
581.5525
581.5525
581.5525
581.5525
582.9505
581.5525
581.5525
581.5525
581.5525
581.5525
581.5525
581.5525
581.5525
581.5525
581.5525
581.5525
582.9505
581.5525
582.9505
582.9505
581.5525
581.5525
582.9505
581.5525
581.5525
582.9505
582.9505
582.9505
582.9505
582.9505
582.9505
582.9505
581.5525
582.9505
582.9505
582.9505
582.9505
582.9505
582.9505
582.9505
582.9505
582.9505
582.9505
584.3485
584.3485
584.3485
584.3485
584.3485
584.3485
584.3485
584.3485
584.3485
582.9505
584.3485
584.3485
582.9505
582.9505
585.7464
584.3485
584.3485
584.3485
585.7464
584.3485
584.3485
584.3485
584.3485
584.3485
584.3485
584.3485
584.3485
584.3485
584.3485
584.3485
584.3485
584.3485
584.3485
584.3485
584.3485
584.3485
584.3485
584.3485
584.3485
584.3485
584.3485
584.3485
584.3485
584.3485
584.3485
584.3485
584.3485
584.3485
584.3485
584.3485
584.3485
584.3485
584.3485
582.9505
584.3485
584.3485
584.3485
584.3485
584.3485
584.3485
584.3485
584.3485
584.3485
584.3485
584.3485
584.3485
584.3485
584.3485
584.3485
584.3485
584.3485
582.9505
584.3485
584.3485
584.3485
584.3485
584.3485
584.3485
584.3485
584.3485
584.3485
585.7464
584.3485
585.7464
584.3485
585.7464
584.3485
585.7464
585.7464
585.7464
584.3485
585.7464
585.7464
585.7464
585.7464
585.7464
585.7464
584.3485
585.7464
585.7464
585.7464
585.7464
585.7464
585.7464
587.1444
585.7464
585.7464
585.7464
585.7464
585.7464
585.7464
585.7464
585.7464
585.7464
587.1444
585.7464
585.7464
585.7464
585.7464
585.7464
585.7464
585.7464
585.7464
585.7464
585.7464
585.7464
585.7464
585.7464
585.7464
587.1444
585.7464
585.7464
587.1444
585.7464
585.7464
585.7464
587.1444
585.7464
585.7464
585.7464
585.7464
585.7464
585.7464
585.7464
585.7464
585.7464
585.7464
584.3485
585.7464
585.7464
585.7464
585.7464
584.3485
585.7464
585.7464
585.7464
585.7464
585.7464
585.7464
585.7464
584.3485
585.7464
585.7464
585.7464
585.7464
585.7464
585.7464
584.3485
584.3485
584.3485
585.7464
584.3485
584.3485
585.7464
585.7464
584.3485
584.3485
584.3485
585.7464
584.3485
585.7464
584.3485
584.3485
585.7464
584.3485
584.3485
584.3485
584.3485
584.3485
584.3485
584.3485
584.3485
584.3485
584.3485
584.3485
584.3485
584.3485
584.3485
584.3485
584.3485
584.3485
584.3485
584.3485
585.7464
584.3485
584.3485
584.3485
585.7464
584.3485
584.3485
585.7464
584.3485
584.3485
584.3485
584.3485
584.3485
584.3485
584.3485
584.3485
585.7464
584.3485
585.7464
584.3485
584.3485
585.7464
584.3485
584.3485
584.3485
584.3485
584.3485
584.3485
585.7464
585.7464
585.7464
585.7464
584.3485
584.3485
585.7464
584.3485
584.3485
585.7464
584.3485
584.3485
584.3485
584.3485
584.3485
584.3485
584.3485
584.3485
584.3485
584.3485
584.3485
582.9505
584.3485
584.3485
584.3485
584.3485
585.7464
584.3485
582.9505
584.3485
584.3485
584.3485
584.3485
584.3485
584.3485
582.9505
584.3485
582.9505
582.9505
582.9505
582.9505
582.9505
584.3485
584.3485
582.9505
582.9505
582.9505
582.9505
584.3485
582.9505
582.9505
582.9505
582.9505
582.9505
582.9505
582.9505
581.5525
582.9505
581.5525
582.9505
582.9505
582.9505
582.9505
582.9505
582.9505
582.9505
582.9505
582.9505
582.9505
582.9505
582.9505
584.3485
582.9505
582.9505
582.9505
582.9505
582.9505
582.9505
582.9505
582.9505
582.9505
582.9505
582.9505
582.9505
582.9505
582.9505
582.9505
582.9505
582.9505
582.9505
582.9505
582.9505
582.9505
581.5525
582.9505
582.9505
582.9505
582.9505
582.9505
584.3485
584.3485
582.9505
584.3485
582.9505
582.9505
584.3485
582.9505
584.3485
584.3485
584.3485
582.9505
584.3485
582.9505
582.9505
582.9505
582.9505
584.3485
584.3485
582.9505
582.9505
582.9505
582.9505
582.9505
582.9505
584.3485
582.9505
584.3485
582.9505
582.9505
582.9505
584.3485
584.3485
584.3485
582.9505
582.9505
582.9505
584.3485
584.3485
582.9505
584.3485
582.9505
582.9505
582.9505
582.9505
584.3485
584.3485
584.3485
584.3485
584.3485
582.9505
584.3485
584.3485
584.3485
584.3485
584.3485
584.3485
584.3485
582.9505
584.3485
582.9505
582.9505
584.3485
584.3485
584.3485
584.3485
584.3485
584.3485
584.3485
584.3485
584.3485
584.3485
584.3485
584.3485
584.3485
584.3485
584.3485
584.3485
584.3485
584.3485
584.3485
584.3485
584.3485
584.3485
585.7464
584.3485
584.3485
585.7464
584.3485
585.7464
585.7464
585.7464
585.7464
585.7464
585.7464
585.7464
585.7464
585.7464
585.7464
585.7464
585.7464
585.7464
585.7464
585.7464
585.7464
585.7464
585.7464
585.7464
585.7464
585.7464
585.7464
585.7464
585.7464
585.7464
585.7464
585.7464
585.7464
585.7464
585.7464
585.7464
585.7464
585.7464
584.3485
585.7464
585.7464
585.7464
585.7464
584.3485
585.7464
585.7464
584.3485
584.3485
584.3485
584.3485
584.3485
584.3485
584.3485
584.3485
584.3485
584.3485
584.3485
584.3485
582.9505
584.3485
582.9505
582.9505
582.9505
584.3485
582.9505
582.9505
582.9505
582.9505
582.9505
582.9505
582.9505
582.9505
582.9505
581.5525
582.9505
582.9505
582.9505
581.5525
581.5525
582.9505
581.5525
582.9505
582.9505
582.9505
582.9505
582.9505
581.5525
582.9505
582.9505
582.9505
582.9505
581.5525
581.5525
581.5525
581.5525
582.9505
581.5525
582.9505
581.5525
581.5525
581.5525
581.5525
581.5525
581.5525
581.5525
581.5525
581.5525
581.5525
581.5525
581.5525
581.5525
581.5525
581.5525
581.5525
581.5525
580.1546
581.5525
581.5525
581.5525
581.5525
580.1546
580.1546
580.1546
581.5525
580.1546
581.5525
580.1546
580.1546
580.1546
580.1546
580.1546
580.1546
580.1546
580.1546
580.1546
578.7566
578.7566
578.7566
580.1546
578.7566
580.1546
580.1546
580.1546
578.7566
578.7566
580.1546
580.1546
578.7566
578.7566
578.7566
580.1546
578.7566
578.7566
578.7566
578.7566
578.7566
580.1546
578.7566
580.1546
578.7566
580.1546
580.1546
580.1546
580.1546
580.1546
580.1546
578.7566
580.1546
580.1546
578.7566
580.1546
581.5525
580.1546
581.5525
581.5525
580.1546
581.5525
581.5525
581.5525
581.5525
581.5525
581.5525
581.5525
581.5525
581.5525
582.9505
582.9505
582.9505
582.9505
582.9505
582.9505
582.9505
582.9505
582.9505
582.9505
584.3485
584.3485
584.3485
584.3485
584.3485
585.7464
585.7464
585.7464
585.7464
585.7464
585.7464
585.7464
585.7464
585.7464
585.7464
584.3485
585.7464
585.7464
585.7464
585.7464
585.7464
585.7464
585.7464
585.7464
585.7464
587.1444
585.7464
585.7464
587.1444
587.1444
585.7464
587.1444
585.7464
585.7464
585.7464
585.7464
587.1444
585.7464
587.1444
585.7464
585.7464
585.7464
585.7464
585.7464
585.7464
585.7464
585.7464
585.7464
585.7464
585.7464
587.1444
585.7464
585.7464
585.7464
585.7464
585.7464
585.7464
585.7464
585.7464
584.3485
585.7464
585.7464
584.3485
584.3485
584.3485
584.3485
584.3485
585.7464
584.3485
584.3485
584.3485
584.3485
584.3485
584.3485
584.3485
584.3485
584.3485
584.3485
584.3485
584.3485
584.3485
582.9505
584.3485
584.3485
584.3485
582.9505
584.3485
582.9505
584.3485
584.3485
584.3485
582.9505
584.3485
582.9505
584.3485
584.3485
582.9505
582.9505
582.9505
582.9505
582.9505
582.9505
582.9505
582.9505
582.9505
581.5525
582.9505
582.9505
582.9505
582.9505
581.5525
581.5525
582.9505
582.9505
581.5525
582.9505
582.9505
581.5525
581.5525
581.5525
581.5525
581.5525
582.9505
582.9505
581.5525
581.5525
582.9505
582.9505
581.5525
581.5525
581.5525
581.5525
581.5525
581.5525
581.5525
581.5525
581.5525
582.9505
581.5525
582.9505
582.9505
581.5525
581.5525
582.9505
581.5525
581.5525
581.5525
581.5525
582.9505
582.9505
582.9505
582.9505
582.9505
582.9505
581.5525
582.9505
582.9505
582.9505
582.9505
582.9505
582.9505
582.9505
582.9505
582.9505
584.3485
582.9505
582.9505
584.3485
582.9505
584.3485
584.3485
584.3485
582.9505
582.9505
582.9505
582.9505
584.3485
582.9505
582.9505
584.3485
584.3485
582.9505
584.3485
582.9505
582.9505
582.9505
582.9505
584.3485
584.3485
584.3485
582.9505
582.9505
584.3485
584.3485
582.9505
584.3485
584.3485
582.9505
584.3485
582.9505
584.3485
584.3485
582.9505
582.9505
582.9505
582.9505
584.3485
584.3485
582.9505
582.9505
582.9505
584.3485
582.9505
584.3485
582.9505
582.9505
584.3485
582.9505
582.9505
584.3485
582.9505
582.9505
584.3485
582.9505
582.9505
582.9505
582.9505
584.3485
584.3485
582.9505
582.9505
584.3485
584.3485
582.9505
582.9505
584.3485
582.9505
582.9505
582.9505
584.3485
582.9505
582.9505
584.3485
582.9505
582.9505
582.9505
584.3485
582.9505
584.3485
584.3485
582.9505
582.9505
582.9505
584.3485
582.9505
584.3485
584.3485
584.3485
582.9505
582.9505
582.9505
582.9505
582.9505
582.9505
582.9505
582.9505
582.9505
582.9505
582.9505
582.9505
582.9505
582.9505
582.9505
582.9505
582.9505
582.9505
582.9505
582.9505
582.9505
582.9505
582.9505
581.5525
582.9505
582.9505
582.9505
582.9505
582.9505
581.5525
582.9505
582.9505
581.5525
582.9505
582.9505
582.9505
582.9505
582.9505
582.9505
582.9505
582.9505
582.9505
582.9505
584.3485
582.9505
582.9505
582.9505
584.3485
582.9505
584.3485
582.9505
584.3485
582.9505
584.3485
582.9505
584.3485
584.3485
584.3485
584.3485
584.3485
584.3485
584.3485
584.3485
584.3485
584.3485
584.3485
584.3485
584.3485
584.3485
585.7464
584.3485
585.7464
585.7464
585.7464
585.7464
585.7464
585.7464
585.7464
585.7464
584.3485
585.7464
585.7464
585.7464
585.7464
585.7464
585.7464
585.7464
585.7464
585.7464
585.7464
585.7464
584.3485
585.7464
585.7464
585.7464
585.7464
585.7464
585.7464
585.7464
585.7464
585.7464
585.7464
585.7464
584.3485
585.7464
585.7464
584.3485
584.3485
584.3485
585.7464
585.7464
584.3485
584.3485
585.7464
584.3485
584.3485
584.3485
584.3485
584.3485
584.3485
584.3485
584.3485
584.3485
584.3485
582.9505
584.3485
584.3485
582.9505
584.3485
584.3485
582.9505
582.9505
582.9505
582.9505
582.9505
584.3485
582.9505
582.9505
582.9505
584.3485
581.5525
582.9505
582.9505
582.9505
582.9505
582.9505
581.5525
582.9505
582.9505
582.9505
581.5525
581.5525
582.9505
582.9505
582.9505
581.5525
582.9505
581.5525
581.5525
581.5525
581.5525
581.5525
581.5525
581.5525
581.5525
581.5525
581.5525
581.5525
581.5525
581.5525
581.5525
581.5525
581.5525
581.5525
580.1546
581.5525
581.5525
581.5525
581.5525
581.5525
581.5525
581.5525
581.5525
581.5525
581.5525
581.5525
581.5525
581.5525
581.5525
581.5525
581.5525
581.5525
581.5525
581.5525
581.5525
581.5525
581.5525
581.5525
581.5525
582.9505
581.5525
581.5525
581.5525
581.5525
581.5525
581.5525
582.9505
581.5525
582.9505
582.9505
581.5525
581.5525
582.9505
581.5525
581.5525
581.5525
582.9505
581.5525
582.9505
582.9505
582.9505
582.9505
582.9505
581.5525
582.9505
582.9505
582.9505
582.9505
582.9505
582.9505
582.9505
582.9505
582.9505
582.9505
582.9505
582.9505
582.9505
582.9505
582.9505
582.9505
584.3485
582.9505
584.3485
584.3485
584.3485
582.9505
584.3485
584.3485
584.3485
585.7464
584.3485
584.3485
584.3485
584.3485
585.7464
584.3485
585.7464
585.7464
584.3485
585.7464
585.7464
585.7464
585.7464
585.7464
585.7464
585.7464
585.7464
585.7464
585.7464
585.7464
585.7464
585.7464
587.1444
585.7464
585.7464
587.1444
585.7464
585.7464
587.1444
585.7464
585.7464
585.7464
585.7464
585.7464
585.7464
585.7464
585.7464
585.7464
585.7464
585.7464
585.7464
585.7464
585.7464
585.7464
585.7464
585.7464
585.7464
585.7464
587.1444
585.7464
585.7464
585.7464
585.7464
585.7464
585.7464
585.7464
584.3485
585.7464
585.7464
584.3485
585.7464
585.7464
584.3485
585.7464
585.7464
585.7464
585.7464
585.7464
584.3485
584.3485
584.3485
584.3485
584.3485
584.3485
584.3485
584.3485
584.3485
584.3485
584.3485
584.3485
584.3485
584.3485
582.9505
582.9505
584.3485
584.3485
584.3485
584.3485
584.3485
582.9505
584.3485
582.9505
582.9505
584.3485
582.9505
582.9505
582.9505
582.9505
582.9505
582.9505
582.9505
582.9505
582.9505
582.9505
582.9505
582.9505
582.9505
584.3485
582.9505
582.9505
582.9505
582.9505
582.9505
582.9505
582.9505
582.9505
582.9505
582.9505
582.9505
581.5525
582.9505
582.9505
582.9505
582.9505
582.9505
582.9505
582.9505
581.5525
582.9505
582.9505
581.5525
582.9505
582.9505
582.9505
582.9505
582.9505
582.9505
582.9505
582.9505
582.9505
582.9505
582.9505
584.3485
582.9505
582.9505
584.3485
582.9505
582.9505
584.3485
582.9505
582.9505
584.3485
584.3485
582.9505
582.9505
584.3485
582.9505
584.3485
582.9505
584.3485
584.3485
582.9505
582.9505
584.3485
584.3485
584.3485
584.3485
584.3485
584.3485
585.7464
584.3485
584.3485
584.3485
584.3485
584.3485
585.7464
584.3485
584.3485
584.3485
584.3485
584.3485
585.7464
584.3485
584.3485
584.3485
584.3485
584.3485
584.3485
584.3485
585.7464
584.3485
585.7464
584.3485
584.3485
584.3485
584.3485
585.7464
584.3485
585.7464
585.7464
585.7464
584.3485
584.3485
585.7464
585.7464
584.3485
585.7464
584.3485
584.3485
584.3485
584.3485
584.3485
585.7464
584.3485
585.7464
585.7464
584.3485
585.7464
585.7464
585.7464
585.7464
584.3485
585.7464
584.3485
584.3485
584.3485
585.7464
585.7464
584.3485
584.3485
584.3485
584.3485
584.3485
585.7464
584.3485
584.3485
584.3485
584.3485
584.3485
584.3485
584.3485
584.3485
585.7464
584.3485
584.3485
584.3485
584.3485
584.3485
584.3485
584.3485
582.9505
584.3485
584.3485
584.3485
584.3485
584.3485
584.3485
584.3485
584.3485
585.7464
582.9505
584.3485
584.3485
584.3485
584.3485
584.3485
584.3485
584.3485
584.3485
584.3485
584.3485
584.3485
584.3485
584.3485
584.3485
584.3485
584.3485
584.3485
584.3485
584.3485
584.3485
584.3485
584.3485
584.3485
584.3485
584.3485
584.3485
584.3485
584.3485
584.3485
584.3485
584.3485
584.3485
584.3485
584.3485
584.3485
584.3485
584.3485
584.3485
584.3485
585.7464
585.7464
584.3485
585.7464
585.7464
585.7464
585.7464
585.7464
585.7464
585.7464
585.7464
585.7464
585.7464
585.7464
585.7464
585.7464
587.1444
585.7464
585.7464
585.7464
585.7464
585.7464
587.1444
587.1444
585.7464
587.1444
587.1444
587.1444
585.7464
587.1444
587.1444
587.1444
587.1444
587.1444
587.1444
587.1444
587.1444
587.1444
585.7464
587.1444
587.1444
587.1444
587.1444
587.1444
587.1444
587.1444
587.1444
587.1444
587.1444
585.7464
585.7464
587.1444
585.7464
585.7464
587.1444
587.1444
585.7464
585.7464
585.7464
585.7464
585.7464
585.7464
585.7464
585.7464
585.7464
585.7464
585.7464
585.7464
585.7464
584.3485
584.3485
585.7464
585.7464
584.3485
584.3485
585.7464
584.3485
584.3485
584.3485
584.3485
584.3485
582.9505
582.9505
582.9505
584.3485
584.3485
582.9505
582.9505
582.9505
582.9505
582.9505
582.9505
582.9505
582.9505
582.9505
582.9505
582.9505
582.9505
581.5525
582.9505
582.9505
581.5525
581.5525
581.5525
581.5525
581.5525
581.5525
581.5525
581.5525
581.5525
581.5525
581.5525
581.5525
580.1546
581.5525
581.5525
580.1546
581.5525
580.1546
580.1546
580.1546
580.1546
581.5525
581.5525
580.1546
580.1546
580.1546
580.1546
580.1546
581.5525
580.1546
580.1546
580.1546
580.1546
580.1546
580.1546
581.5525
581.5525
581.5525
581.5525
581.5525
581.5525
581.5525
581.5525
581.5525
581.5525
581.5525
581.5525
581.5525
581.5525
582.9505
581.5525
582.9505
582.9505
582.9505
582.9505
582.9505
582.9505
582.9505
582.9505
582.9505
584.3485
582.9505
582.9505
584.3485
584.3485
584.3485
582.9505
584.3485
582.9505
585.7464
584.3485
584.3485
584.3485
584.3485
584.3485
584.3485
584.3485
584.3485
584.3485
584.3485
584.3485
584.3485
585.7464
584.3485
585.7464
584.3485
585.7464
585.7464
585.7464
585.7464
585.7464
585.7464
584.3485
584.3485
585.7464
585.7464
585.7464
585.7464
585.7464
585.7464
585.7464
585.7464
585.7464
585.7464
585.7464
587.1444
585.7464
585.7464
587.1444
587.1444
585.7464
587.1444
585.7464
587.1444
585.7464
587.1444
585.7464
585.7464
587.1444
587.1444
585.7464
587.1444
587.1444
587.1444
587.1444
585.7464
587.1444
587.1444
587.1444
587.1444
587.1444
585.7464
587.1444
587.1444
587.1444
587.1444
585.7464
587.1444
587.1444
587.1444
587.1444
587.1444
585.7464
587.1444
587.1444
587.1444
587.1444
587.1444
587.1444
585.7464
587.1444
587.1444
587.1444
587.1444
587.1444
585.7464
585.7464
587.1444
585.7464
585.7464
587.1444
585.7464
585.7464
587.1444
585.7464
587.1444
585.7464
585.7464
585.7464
585.7464
585.7464
587.1444
587.1444
585.7464
585.7464
585.7464
585.7464
585.7464
585.7464
584.3485
585.7464
585.7464
585.7464
585.7464
584.3485
584.3485
584.3485
584.3485
584.3485
584.3485
584.3485
584.3485
584.3485
585.7464
584.3485
584.3485
584.3485
584.3485
584.3485
584.3485
584.3485
584.3485
584.3485
584.3485
584.3485
584.3485
582.9505
584.3485
584.3485
584.3485
584.3485
584.3485
584.3485
584.3485
582.9505
584.3485
584.3485
584.3485
584.3485
584.3485
584.3485
582.9505
584.3485
584.3485
584.3485
584.3485
584.3485
582.9505
584.3485
584.3485
584.3485
584.3485
582.9505
585.7464
584.3485
584.3485
585.7464
584.3485
584.3485
584.3485
584.3485
585.7464
584.3485
585.7464
585.7464
585.7464
585.7464
585.7464
585.7464
584.3485
585.7464
585.7464
585.7464
585.7464
585.7464
585.7464
585.7464
585.7464
585.7464
587.1444
585.7464
585.7464
585.7464
587.1444
585.7464
587.1444
587.1444
587.1444
585.7464
585.7464
585.7464
585.7464
587.1444
587.1444
585.7464
587.1444
587.1444
587.1444
587.1444
585.7464
587.1444
587.1444
587.1444
587.1444
587.1444
587.1444
587.1444
587.1444
587.1444
587.1444
587.1444
587.1444
587.1444
585.7464
587.1444
587.1444
587.1444
587.1444
585.7464
587.1444
585.7464
587.1444
585.7464
587.1444
587.1444
587.1444
587.1444
585.7464
587.1444
585.7464
585.7464
587.1444
587.1444
585.7464
587.1444
585.7464
585.7464
587.1444
587.1444
587.1444
585.7464
585.7464
587.1444
585.7464
587.1444
587.1444
587.1444
585.7464
585.7464
587.1444
585.7464
585.7464
585.7464
585.7464
584.3485
585.7464
585.7464
585.7464
585.7464
585.7464
585.7464
585.7464
585.7464
585.7464
584.3485
585.7464
584.3485
585.7464
585.7464
584.3485
584.3485
584.3485
585.7464
584.3485
584.3485
585.7464
584.3485
584.3485
584.3485
584.3485
584.3485
584.3485
584.3485
584.3485
584.3485
584.3485
584.3485
584.3485
582.9505
584.3485
584.3485
584.3485
584.3485
584.3485
584.3485
584.3485
584.3485
584.3485
584.3485
584.3485
584.3485
584.3485
584.3485
584.3485
584.3485
584.3485
582.9505
584.3485
584.3485
584.3485
585.7464
584.3485
584.3485
584.3485
584.3485
585.7464
584.3485
585.7464
585.7464
585.7464
584.3485
585.7464
585.7464
585.7464
584.3485
584.3485
584.3485
584.3485
585.7464
584.3485
584.3485
585.7464
585.7464
584.3485
585.7464
585.7464
585.7464
585.7464
585.7464
585.7464
585.7464
585.7464
587.1444
585.7464
585.7464
585.7464
587.1444
585.7464
585.7464
587.1444
587.1444
587.1444
585.7464
587.1444
587.1444
587.1444
587.1444
587.1444
588.5423
587.1444
588.5423
587.1444
587.1444
588.5423
588.5423
587.1444
588.5423
588.5423
588.5423
588.5423
588.5423
588.5423
588.5423
589.9403
589.9403
589.9403
589.9403
589.9403
589.9403
589.9403
589.9403
591.3383
589.9403
591.3383
589.9403
589.9403
589.9403
591.3383
589.9403
589.9403
589.9403
589.9403
589.9403
589.9403
589.9403
589.9403
589.9403
589.9403
589.9403
589.9403
588.5423
589.9403
589.9403
588.5423
589.9403
589.9403
588.5423
588.5423
589.9403
588.5423
588.5423
588.5423
588.5423
588.5423
588.5423
588.5423
587.1444
587.1444
588.5423
587.1444
587.1444
587.1444
587.1444
587.1444
587.1444
585.7464
585.7464
587.1444
587.1444
585.7464
585.7464
587.1444
585.7464
585.7464
585.7464
585.7464
585.7464
585.7464
584.3485
585.7464
585.7464
584.3485
585.7464
585.7464
585.7464
585.7464
584.3485
584.3485
584.3485
584.3485
584.3485
584.3485
584.3485
584.3485
584.3485
584.3485
584.3485
582.9505
582.9505
582.9505
584.3485
582.9505
582.9505
582.9505
582.9505
582.9505
582.9505
582.9505
581.5525
582.9505
582.9505
582.9505
582.9505
581.5525
582.9505
582.9505
581.5525
582.9505
581.5525
582.9505
582.9505
581.5525
582.9505
582.9505
582.9505
582.9505
582.9505
582.9505
582.9505
582.9505
582.9505
582.9505
582.9505
582.9505
582.9505
582.9505
582.9505
582.9505
584.3485
582.9505
582.9505
582.9505
584.3485
582.9505
584.3485
584.3485
582.9505
582.9505
582.9505
582.9505
582.9505
582.9505
582.9505
582.9505
584.3485
584.3485
584.3485
584.3485
584.3485
584.3485
584.3485
584.3485
584.3485
584.3485
584.3485
584.3485
584.3485
584.3485
584.3485
584.3485
584.3485
584.3485
584.3485
584.3485
585.7464
584.3485
585.7464
585.7464
584.3485
585.7464
585.7464
585.7464
585.7464
585.7464
585.7464
585.7464
585.7464
585.7464
585.7464
587.1444
585.7464
585.7464
585.7464
585.7464
585.7464
585.7464
585.7464
585.7464
585.7464
585.7464
585.7464
585.7464
585.7464
585.7464
585.7464
585.7464
585.7464
585.7464
585.7464
584.3485
585.7464
585.7464
585.7464
585.7464
585.7464
585.7464
585.7464
585.7464
584.3485
585.7464
585.7464
585.7464
585.7464
585.7464
585.7464
585.7464
585.7464
585.7464
587.1444
587.1444
584.3485
584.3485
585.7464
585.7464
584.3485
584.3485
584.3485
585.7464
585.7464
584.3485
585.7464
584.3485
584.3485
584.3485
585.7464
584.3485
585.7464
584.3485
584.3485
582.9505
585.7464
584.3485
584.3485
584.3485
584.3485
584.3485
584.3485
584.3485
584.3485
584.3485
584.3485
584.3485
584.3485
584.3485
584.3485
584.3485
584.3485
584.3485
584.3485
584.3485
584.3485
584.3485
584.3485
584.3485
584.3485
584.3485
584.3485
584.3485
584.3485
584.3485
584.3485
584.3485
584.3485
584.3485
584.3485
584.3485
584.3485
584.3485
584.3485
584.3485
584.3485
584.3485
584.3485
584.3485
584.3485
585.7464
584.3485
584.3485
585.7464
584.3485
585.7464
584.3485
584.3485
585.7464
585.7464
584.3485
585.7464
584.3485
584.3485
584.3485
584.3485
585.7464
584.3485
584.3485
584.3485
585.7464
584.3485
584.3485
585.7464
584.3485
584.3485
585.7464
585.7464
585.7464
585.7464
585.7464
585.7464
584.3485
585.7464
584.3485
585.7464
585.7464
585.7464
585.7464
585.7464
585.7464
585.7464
585.7464
585.7464
585.7464
585.7464
585.7464
584.3485
585.7464
585.7464
585.7464
584.3485
585.7464
585.7464
585.7464
585.7464
584.3485
584.3485
585.7464
584.3485
584.3485
585.7464
584.3485
585.7464
585.7464
584.3485
584.3485
584.3485
585.7464
584.3485
584.3485
584.3485
585.7464
584.3485
584.3485
584.3485
584.3485
584.3485
585.7464
584.3485
584.3485
584.3485
585.7464
585.7464
584.3485
584.3485
585.7464
585.7464
584.3485
584.3485
584.3485
584.3485
587.1444
584.3485
585.7464
584.3485
584.3485
584.3485
584.3485
584.3485
584.3485
584.3485
585.7464
584.3485
584.3485
584.3485
584.3485
584.3485
584.3485
584.3485
584.3485
584.3485
584.3485
584.3485
584.3485
584.3485
584.3485
584.3485
584.3485
584.3485
584.3485
584.3485
584.3485
584.3485
584.3485
584.3485
584.3485
582.9505
582.9505
584.3485
582.9505
582.9505
582.9505
582.9505
582.9505
582.9505
582.9505
582.9505
582.9505
582.9505
581.5525
582.9505
582.9505
582.9505
582.9505
581.5525
582.9505
582.9505
581.5525
581.5525
582.9505
582.9505
581.5525
582.9505
581.5525
581.5525
581.5525
581.5525
581.5525
581.5525
580.1546
580.1546
581.5525
581.5525
580.1546
581.5525
580.1546
580.1546
581.5525
581.5525
581.5525
580.1546
580.1546
580.1546
580.1546
581.5525
580.1546
580.1546
580.1546
581.5525
580.1546
580.1546
581.5525
580.1546
580.1546
580.1546
580.1546
581.5525
580.1546
580.1546
580.1546
580.1546
580.1546
580.1546
580.1546
581.5525
580.1546
580.1546
580.1546
580.1546
578.7566
580.1546
580.1546
580.1546
580.1546
580.1546
581.5525
580.1546
580.1546
581.5525
581.5525
580.1546
580.1546
580.1546
580.1546
580.1546
581.5525
580.1546
581.5525
580.1546
581.5525
581.5525
581.5525
581.5525
581.5525
581.5525
582.9505
581.5525
581.5525
581.5525
581.5525
581.5525
582.9505
582.9505
582.9505
582.9505
582.9505
582.9505
582.9505
582.9505
582.9505
582.9505
582.9505
582.9505
582.9505
582.9505
582.9505
582.9505
582.9505
584.3485
582.9505
582.9505
584.3485
584.3485
584.3485
584.3485
584.3485
584.3485
584.3485
584.3485
584.3485
584.3485
582.9505
584.3485
584.3485
582.9505
584.3485
584.3485
584.3485
582.9505
584.3485
582.9505
582.9505
582.9505
582.9505
584.3485
582.9505
581.5525
582.9505
582.9505
582.9505
582.9505
582.9505
581.5525
582.9505
582.9505
581.5525
581.5525
581.5525
582.9505
581.5525
581.5525
581.5525
581.5525
582.9505
581.5525
581.5525
581.5525
581.5525
580.1546
581.5525
581.5525
580.1546
580.1546
581.5525
581.5525
580.1546
580.1546
580.1546
580.1546
580.1546
580.1546
580.1546
580.1546
580.1546
578.7566
580.1546
580.1546
578.7566
578.7566
578.7566
578.7566
578.7566
578.7566
578.7566
578.7566
578.7566
578.7566
578.7566
577.3586
577.3586
577.3586
578.7566
578.7566
577.3586
578.7566
577.3586
577.3586
578.7566
578.7566
578.7566
578.7566
577.3586
577.3586
578.7566
578.7566
578.7566
578.7566
578.7566
578.7566
578.7566
577.3586
578.7566
578.7566
578.7566
578.7566
578.7566
578.7566
578.7566
578.7566
578.7566
578.7566
580.1546
578.7566
580.1546
580.1546
578.7566
580.1546
580.1546
580.1546
580.1546
580.1546
580.1546
580.1546
580.1546
580.1546
578.7566
580.1546
580.1546
580.1546
580.1546
580.1546
580.1546
580.1546
580.1546
580.1546
580.1546
580.1546
580.1546
580.1546
580.1546
580.1546
581.5525
580.1546
581.5525
581.5525
580.1546
580.1546
581.5525
580.1546
581.5525
580.1546
581.5525
581.5525
580.1546
581.5525
581.5525
581.5525
581.5525
581.5525
581.5525
581.5525
581.5525
581.5525
581.5525
581.5525
581.5525
581.5525
581.5525
581.5525
581.5525
582.9505
581.5525
581.5525
582.9505
581.5525
582.9505
582.9505
581.5525
582.9505
582.9505
582.9505
582.9505
582.9505
584.3485
582.9505
582.9505
582.9505
584.3485
582.9505
582.9505
584.3485
582.9505
582.9505
584.3485
584.3485
582.9505
584.3485
584.3485
584.3485
584.3485
584.3485
584.3485
585.7464
584.3485
584.3485
584.3485
584.3485
584.3485
584.3485
585.7464
584.3485
585.7464
584.3485
584.3485
584.3485
584.3485
584.3485
585.7464
585.7464
585.7464
584.3485
585.7464
585.7464
585.7464
585.7464
585.7464
585.7464
585.7464
585.7464
585.7464
585.7464
585.7464
587.1444
587.1444
587.1444
585.7464
587.1444
587.1444
585.7464
585.7464
587.1444
587.1444
587.1444
587.1444
587.1444
587.1444
587.1444
585.7464
587.1444
587.1444
585.7464
587.1444
587.1444
587.1444
587.1444
587.1444
587.1444
585.7464
587.1444
587.1444
587.1444
587.1444
587.1444
587.1444
585.7464
585.7464
585.7464
585.7464
587.1444
585.7464
585.7464
585.7464
585.7464
584.3485
585.7464
585.7464
585.7464
585.7464
585.7464
584.3485
584.3485
585.7464
584.3485
585.7464
584.3485
584.3485
584.3485
584.3485
584.3485
584.3485
582.9505
584.3485
584.3485
584.3485
584.3485
585.7464
584.3485
584.3485
582.9505
584.3485
584.3485
584.3485
584.3485
584.3485
585.7464
584.3485
584.3485
584.3485
584.3485
584.3485
584.3485
584.3485
585.7464
584.3485
584.3485
584.3485
585.7464
584.3485
585.7464
584.3485
585.7464
585.7464
584.3485
584.3485
584.3485
584.3485
584.3485
585.7464
585.7464
584.3485
585.7464
584.3485
585.7464
584.3485
585.7464
584.3485
584.3485
584.3485
585.7464
585.7464
584.3485
584.3485
585.7464
584.3485
584.3485
584.3485
585.7464
584.3485
584.3485
584.3485
584.3485
584.3485
584.3485
584.3485
584.3485
585.7464
584.3485
584.3485
585.7464
584.3485
584.3485
585.7464
584.3485
584.3485
585.7464
584.3485
584.3485
584.3485
584.3485
584.3485
584.3485
584.3485
584.3485
584.3485
584.3485
584.3485
584.3485
584.3485
584.3485
582.9505
584.3485
584.3485
584.3485
584.3485
584.3485
582.9505
584.3485
582.9505
582.9505
582.9505
584.3485
582.9505
584.3485
582.9505
582.9505
582.9505
582.9505
582.9505
582.9505
582.9505
582.9505
582.9505
582.9505
582.9505
582.9505
582.9505
582.9505
584.3485
582.9505
582.9505
582.9505
584.3485
582.9505
582.9505
584.3485
582.9505
582.9505
584.3485
584.3485
584.3485
582.9505
584.3485
582.9505
582.9505
582.9505
584.3485
584.3485
584.3485
584.3485
584.3485
584.3485
584.3485
584.3485
585.7464
584.3485
584.3485
584.3485
585.7464
585.7464
584.3485
584.3485
584.3485
585.7464
585.7464
585.7464
585.7464
584.3485
584.3485
584.3485
585.7464
585.7464
585.7464
585.7464
585.7464
585.7464
585.7464
585.7464
585.7464
585.7464
587.1444
585.7464
587.1444
585.7464
585.7464
585.7464
585.7464
585.7464
587.1444
587.1444
587.1444
585.7464
585.7464
585.7464
587.1444
587.1444
587.1444
585.7464
585.7464
585.7464
587.1444
587.1444
585.7464
587.1444
587.1444
587.1444
585.7464
587.1444
588.5423
587.1444
587.1444
587.1444
587.1444
587.1444
587.1444
587.1444
587.1444
587.1444
587.1444
587.1444
587.1444
587.1444
588.5423
587.1444
587.1444
587.1444
587.1444
587.1444
587.1444
588.5423
587.1444
588.5423
587.1444
587.1444
588.5423
587.1444
588.5423
588.5423
588.5423
587.1444
587.1444
588.5423
587.1444
587.1444
587.1444
587.1444
587.1444
587.1444
587.1444
587.1444
587.1444
588.5423
587.1444
587.1444
587.1444
587.1444
587.1444
587.1444
587.1444
587.1444
587.1444
587.1444
585.7464
585.7464
585.7464
585.7464
585.7464
587.1444
585.7464
585.7464
585.7464
585.7464
585.7464
585.7464
585.7464
584.3485
585.7464
584.3485
584.3485
584.3485
584.3485
584.3485
584.3485
584.3485
584.3485
584.3485
584.3485
584.3485
582.9505
582.9505
582.9505
582.9505
582.9505
584.3485
581.5525
582.9505
582.9505
582.9505
581.5525
582.9505
582.9505
581.5525
581.5525
581.5525
581.5525
581.5525
581.5525
581.5525
581.5525
581.5525
581.5525
581.5525
581.5525
581.5525
581.5525
581.5525
581.5525
580.1546
581.5525
581.5525
581.5525
581.5525
580.1546
580.1546
581.5525
580.1546
581.5525
581.5525
581.5525
581.5525
581.5525
581.5525
581.5525
581.5525
581.5525
582.9505
581.5525
581.5525
581.5525
582.9505
582.9505
582.9505
582.9505
581.5525
582.9505
582.9505
582.9505
582.9505
582.9505
582.9505
582.9505
582.9505
582.9505
584.3485
582.9505
584.3485
584.3485
584.3485
584.3485
584.3485
584.3485
584.3485
584.3485
584.3485
584.3485
584.3485
584.3485
584.3485
584.3485
584.3485
585.7464
584.3485
584.3485
584.3485
584.3485
585.7464
585.7464
584.3485
584.3485
584.3485
584.3485
584.3485
584.3485
584.3485
584.3485
585.7464
584.3485
584.3485
585.7464
584.3485
585.7464
584.3485
584.3485
584.3485
584.3485
584.3485
584.3485
584.3485
584.3485
584.3485
584.3485
584.3485
584.3485
584.3485
584.3485
584.3485
584.3485
584.3485
584.3485
584.3485
584.3485
584.3485
585.7464
584.3485
584.3485
584.3485
584.3485
584.3485
584.3485
585.7464
584.3485
584.3485
584.3485
585.7464
584.3485
585.7464
584.3485
584.3485
584.3485
584.3485
584.3485
584.3485
584.3485
584.3485
584.3485
584.3485
585.7464
584.3485
585.7464
584.3485
585.7464
584.3485
584.3485
584.3485
584.3485
584.3485
584.3485
585.7464
585.7464
585.7464
584.3485
584.3485
584.3485
584.3485
585.7464
584.3485
585.7464
584.3485
585.7464
585.7464
585.7464
585.7464
585.7464
585.7464
585.7464
585.7464
585.7464
585.7464
585.7464
585.7464
585.7464
585.7464
585.7464
587.1444
587.1444
587.1444
587.1444
587.1444
587.1444
587.1444
587.1444
587.1444
587.1444
587.1444
587.1444
587.1444
588.5423
587.1444
588.5423
588.5423
587.1444
588.5423
587.1444
587.1444
587.1444
587.1444
587.1444
588.5423
588.5423
587.1444
587.1444
587.1444
588.5423
587.1444
587.1444
587.1444
587.1444
587.1444
587.1444
587.1444
587.1444
587.1444
585.7464
587.1444
587.1444
585.7464
587.1444
587.1444
587.1444
587.1444
585.7464
587.1444
585.7464
585.7464
585.7464
585.7464
585.7464
585.7464
585.7464
585.7464
585.7464
585.7464
585.7464
585.7464
585.7464
584.3485
585.7464
585.7464
585.7464
584.3485
585.7464
585.7464
584.3485
585.7464
584.3485
585.7464
584.3485
584.3485
584.3485
585.7464
584.3485
585.7464
584.3485
585.7464
585.7464
585.7464
584.3485
584.3485
585.7464
585.7464
585.7464
584.3485
585.7464
585.7464
585.7464
585.7464
585.7464
585.7464
585.7464
585.7464
587.1444
585.7464
585.7464
585.7464
584.3485
585.7464
585.7464
585.7464
585.7464
587.1444
587.1444
585.7464
585.7464
585.7464
587.1444
585.7464
587.1444
587.1444
587.1444
587.1444
587.1444
587.1444
587.1444
587.1444
587.1444
588.5423
588.5423
587.1444
587.1444
587.1444
587.1444
588.5423
588.5423
588.5423
588.5423
587.1444
588.5423
588.5423
588.5423
588.5423
588.5423
588.5423
588.5423
587.1444
587.1444
588.5423
588.5423
588.5423
588.5423
588.5423
588.5423
588.5423
588.5423
588.5423
588.5423
588.5423
588.5423
588.5423
588.5423
588.5423
588.5423
588.5423
587.1444
587.1444
587.1444
587.1444
588.5423
587.1444
587.1444
587.1444
587.1444
587.1444
587.1444
587.1444
587.1444
587.1444
587.1444
585.7464
587.1444
587.1444
585.7464
585.7464
585.7464
585.7464
585.7464
585.7464
585.7464
585.7464
584.3485
585.7464
584.3485
585.7464
585.7464
584.3485
585.7464
584.3485
585.7464
584.3485
584.3485
584.3485
584.3485
584.3485
584.3485
584.3485
582.9505
584.3485
584.3485
584.3485
584.3485
582.9505
584.3485
582.9505
581.5525
584.3485
582.9505
582.9505
582.9505
582.9505
582.9505
582.9505
581.5525
581.5525
581.5525
581.5525
581.5525
581.5525
581.5525
580.1546
581.5525
580.1546
581.5525
580.1546
580.1546
580.1546
580.1546
578.7566
580.1546
578.7566
578.7566
578.7566
578.7566
578.7566
578.7566
578.7566
578.7566
578.7566
578.7566
578.7566
578.7566
578.7566
578.7566
578.7566
578.7566
578.7566
578.7566
578.7566
578.7566
580.1546
578.7566
580.1546
578.7566
578.7566
578.7566
580.1546
578.7566
580.1546
581.5525
578.7566
581.5525
580.1546
580.1546
580.1546
580.1546
580.1546
581.5525
580.1546
581.5525
581.5525
581.5525
581.5525
581.5525
580.1546
581.5525
581.5525
581.5525
581.5525
581.5525
581.5525
581.5525
581.5525
582.9505
582.9505
582.9505
582.9505
582.9505
582.9505
584.3485
582.9505
582.9505
582.9505
582.9505
582.9505
584.3485
582.9505
584.3485
582.9505
582.9505
582.9505
582.9505
582.9505
582.9505
584.3485
582.9505
582.9505
582.9505
582.9505
582.9505
581.5525
581.5525
582.9505
581.5525
581.5525
582.9505
581.5525
582.9505
581.5525
581.5525
581.5525
581.5525
580.1546
581.5525
581.5525
580.1546
580.1546
580.1546
580.1546
580.1546
580.1546
580.1546
578.7566
578.7566
578.7566
578.7566
578.7566
578.7566
578.7566
578.7566
577.3586
578.7566
577.3586
577.3586
578.7566
577.3586
577.3586
577.3586
577.3586
577.3586
577.3586
577.3586
577.3586
577.3586
577.3586
577.3586
577.3586
577.3586
577.3586
577.3586
577.3586
577.3586
577.3586
577.3586
577.3586
577.3586
578.7566
578.7566
578.7566
578.7566
578.7566
580.1546
578.7566
578.7566
578.7566
578.7566
578.7566
580.1546
580.1546
580.1546
580.1546
578.7566
580.1546
581.5525
581.5525
580.1546
580.1546
581.5525
581.5525
580.1546
581.5525
581.5525
581.5525
581.5525
581.5525
581.5525
581.5525
580.1546
581.5525
581.5525
581.5525
581.5525
580.1546
581.5525
581.5525
581.5525
581.5525
581.5525
581.5525
581.5525
581.5525
581.5525
581.5525
581.5525
581.5525
581.5525
581.5525
582.9505
581.5525
581.5525
581.5525
581.5525
581.5525
580.1546
581.5525
580.1546
581.5525
581.5525
581.5525
580.1546
581.5525
580.1546
581.5525
581.5525
580.1546
580.1546
581.5525
581.5525
581.5525
581.5525
581.5525
581.5525
580.1546
580.1546
580.1546
580.1546
581.5525
580.1546
580.1546
581.5525
581.5525
581.5525
581.5525
581.5525
580.1546
581.5525
581.5525
581.5525
581.5525
581.5525
581.5525
581.5525
581.5525
581.5525
580.1546
581.5525
581.5525
581.5525
580.1546
580.1546
581.5525
581.5525
581.5525
580.1546
580.1546
581.5525
580.1546
580.1546
580.1546
581.5525
580.1546
578.7566
580.1546
580.1546
580.1546
578.7566
578.7566
578.7566
578.7566
578.7566
577.3586
577.3586
577.3586
577.3586
577.3586
577.3586
575.9607
575.9607
575.9607
575.9607
575.9607
574.5627
574.5627
574.5627
574.5627
574.5627
573.1648
573.1648
573.1648
571.7668
571.7668
571.7668
570.3688
570.3688
570.3688
568.9709
568.9709
567.5729
567.5729
567.5729
567.5729
564.777
566.1749
564.777
563.379
563.379
561.9811
560.5831
560.5831
559.1851
559.1851
557.7872
556.3892
556.3892
554.9912
554.9912
553.5933
552.1953
552.1953
550.7973
550.7973
550.7973
548.0014
548.0014
546.6035
546.6035
545.2055
545.2055
543.8075
542.4096
542.4096
542.4096
541.0116
539.6136
539.6136
538.2157
538.2157
536.8177
535.4198
534.0218
534.0218
532.6238
532.6238
532.6238
529.8279
529.8279
528.4299
528.4299
527.032
527.032
525.634
525.634
524.2361
524.2361
522.8381
521.4401
520.0422
521.4401
518.6442
518.6442
518.6442
517.2462
517.2462
515.8483
515.8483
514.4503
514.4503
514.4503
511.6544
511.6544
511.6544
510.2564
510.2564
508.8585
507.4605
507.4605
506.0625
504.6646
504.6646
503.2666
503.2666
501.8687
500.4707
499.0727
497.6748
496.2768
494.8788
493.4809
493.4809
490.6849
489.287
487.889
485.0931
483.6951
482.2972
479.5012
478.1033
476.7053
473.9094
471.1135
469.7155
466.9196
464.1237
462.7257
459.9298
457.1338
455.7359
452.94
450.144
447.3481
445.9501
443.1542
440.3583
437.5624
434.7664
433.3685
430.5725
427.7766
424.9807
423.5827
420.7868
417.9909
415.195
412.399
409.6031
408.2051
405.4092
402.6133
399.8174
398.4194
395.6235
392.8276
390.0316
387.2357
384.4398
381.6438
378.8479
376.052
373.2561
370.4601
367.6642
364.8683
362.0724
357.8785
355.0826
352.2866
349.4907
346.6948
342.5009
341.1029
336.909
335.5111
331.3172
328.5213
325.7253
324.3274
321.5314
317.3376
315.9396
311.7457
310.3477
307.5518
304.7559
303.3579
300.562
297.7661
294.9702
293.5722
290.7763
287.9803
286.5824
285.1844
282.3885
279.5926
276.7966
275.3987
272.6027
271.2048
268.4089
267.0109
265.6129
262.817
260.0211
258.6231
255.8272
254.4292
253.0313
250.2353
248.8374
246.0415
244.6435
243.2455
240.4496
240.4496
237.6537
236.2557
234.8578
233.4598
233.4598
230.6639
229.2659
229.2659
227.8679
226.47
226.47
225.072
223.6741
223.6741
222.2761
222.2761
220.8781
220.8781
220.8781
220.8781
220.8781
219.4802
219.4802
220.8781
219.4802
219.4802
220.8781
220.8781
220.8781
220.8781
222.2761
222.2761
223.6741
225.072
226.47
226.47
227.8679
230.6639
230.6639
232.0618
233.4598
236.2557
237.6537
240.4496
241.8476
243.2455
247.4394
248.8374
251.6333
254.4292
255.8272
258.6231
261.419
264.215
267.0109
269.8068
271.2048
274.0007
276.7966
279.5926
283.7865
285.1844
289.3783
292.1742
293.5722
296.3681
299.164
301.96
303.3579
304.7559
308.9498
310.3477
313.1437
315.9396
317.3376
320.1335
321.5314
322.9294
324.3274
327.1233
328.5213
329.9192
331.3172
332.7152
335.5111
336.909
336.909
339.705
341.1029
341.1029
342.5009
343.8989
343.8989
345.2968
346.6948
346.6948
348.0927
349.4907
350.8887
350.8887
352.2866
353.6846
355.0826
355.0826
356.4805
357.8785
360.6744
360.6744
362.0724
364.8683
366.2663
369.0622
370.4601
373.2561
374.654
376.052
378.8479
381.6438
383.0418
384.4398
387.2357
390.0316
391.4296
394.2255
395.6235
398.4194
399.8174
404.0113
405.4092
406.8072
409.6031
412.399
413.797
417.9909
419.3888
422.1848
424.9807
427.7766
430.5725
433.3685
436.1644
438.9603
441.7563
445.9501
447.3481
450.144
451.542
455.7359
458.5318
461.3277
464.1237
465.5216
468.3175
469.7155
473.9094
475.3074
476.7053
479.5012
480.8992
483.6951
485.0931
486.4911
489.287
490.6849
493.4809
494.8788
496.2768
500.4707
501.8687
504.6646
507.4605
508.8585
511.6544
514.4503
517.2462
518.6442
521.4401
522.8381
525.634
528.4299
529.8279
532.6238
534.0218
536.8177
538.2157
541.0116
542.4096
545.2055
548.0014
549.3994
552.1953
553.5933
556.3892
560.5831
563.379
566.1749
568.9709
573.1648
575.9607
578.7566
582.9505
587.1444
589.9403
592.7362
596.9301
599.726
603.9199
606.7159
610.9098
613.7057
617.8996
619.2975
623.4914
626.2873
629.0833
631.8792
634.6751
637.471
640.267
643.0629
645.8588
648.6547
651.4507
654.2466
658.4405
659.8384
664.0323
666.8283
669.6242
672.4201
675.216
678.012
680.8079
683.6038
685.0018
687.7977
690.5936
691.9916
693.3896
694.7875
697.5834
697.5834
700.3794
700.3794
703.1753
704.5733
704.5733
707.3692
707.3692
708.7671
710.1651
710.1651
712.961
714.359
715.757
717.1549
718.5529
719.9509
719.9509
722.7468
724.1447
724.1447
726.9407
728.3386
728.3386
729.7366
729.7366
731.1346
731.1346
731.1346
732.5325
732.5325
732.5325
732.5325
733.9305
733.9305
735.3284
733.9305
733.9305
733.9305
735.3284
735.3284
735.3284
736.7264
736.7264
736.7264
738.1244
738.1244
739.5223
739.5223
739.5223
740.9203
740.9203
740.9203
740.9203
740.9203
742.3183
742.3183
742.3183
742.3183
742.3183
743.7162
743.7162
743.7162
745.1142
745.1142
746.5121
747.9101
747.9101
749.3081
750.706
752.104
754.8999
756.2979
757.6958
760.4918
763.2877
764.6857
767.4816
768.8795
771.6755
773.0734
775.8694
778.6653
780.0633
782.8592
784.2571
785.6551
788.451
789.849
791.247
792.6449
795.4408
796.8388
796.8388
798.2368
801.0327
802.4307
803.8286
805.2266
808.0225
809.4205
812.2164
813.6144
817.8082
819.2062
820.6042
823.4001
826.196
828.992
830.3899
833.1858
835.9818
837.3797
841.5736
842.9716
845.7675
847.1655
849.9614
851.3594
854.1553
856.9512
859.7471
862.5431
863.941
866.7369
869.5329
870.9308
873.7268
876.5227
877.9206
880.7166
883.5125
884.9105
887.7064
890.5023
893.2982
896.0942
897.4921
900.2881
903.084
904.4819
905.8799
907.2779
910.0738
911.4718
912.8697
912.8697
915.6656
917.0636
918.4616
919.8595
919.8595
921.2575
922.6555
924.0534
924.0534
925.4514
925.4514
926.8493
926.8493
928.2473
928.2473
929.6453
929.6453
931.0432
931.0432
932.4412
931.0432
932.4412
933.8392
933.8392
933.8392
935.2371
935.2371
936.6351
936.6351
938.0331
938.0331
939.431
939.431
940.829
940.829
942.2269
942.2269
943.6249
943.6249
945.0229
945.0229
946.4208
947.8188
947.8188
949.2168
949.2168
950.6147
950.6147
952.0127
953.4106
954.8086
956.2066
956.2066
957.6045
957.6045
959.0025
959.0025
960.4005
960.4005
961.7984
963.1964
964.5943
965.9923
965.9923
965.9923
968.7882
968.7882
968.7882
971.5842
972.9821
972.9821
972.9821
974.3801
975.778
977.176
978.574
979.9719
981.3699
982.7679
985.5638
985.5638
988.3597
989.7577
991.1556
992.5536
993.9516
995.3495
998.1455
999.5434
1000.9414
1002.3393
1005.1353
1005.1353
1006.5332
1007.9312
1009.3292
1010.7271
1012.1251
1013.523
1013.523
1016.319
1016.319
1017.7169
1017.7169
1019.1149
1020.5129
1020.5129
1021.9108
1023.3088
1023.3088
1023.3088
1024.7067
1024.7067
1024.7067
1026.1047
1026.1047
1026.1047
1026.1047
1027.5027
1027.5027
1027.5027
1028.9006
1028.9006
1030.2986
1030.2986
1030.2986
1030.2986
1031.6966
1030.2986
1030.2986
1031.6966
1030.2986
1028.9006
1030.2986
1030.2986
1030.2986
1030.2986
1030.2986
1031.6966
1030.2986
1030.2986
1031.6966
1030.2986
1031.6966
1030.2986
1030.2986
1030.2986
1030.2986
1030.2986
1030.2986
1030.2986
1030.2986
1028.9006
1028.9006
1028.9006
1028.9006
1027.5027
1027.5027
1027.5027
1027.5027
1026.1047
1026.1047
1024.7067
1023.3088
1023.3088
1021.9108
1020.5129
1020.5129
1020.5129
1020.5129
1020.5129
1020.5129
1020.5129
1020.5129
1020.5129
1020.5129
1019.1149
1020.5129
1019.1149
1019.1149
1019.1149
1019.1149
1019.1149
1019.1149
1017.7169
1019.1149
1017.7169
1019.1149
1019.1149
1019.1149
1020.5129
1019.1149
1019.1149
1019.1149
1020.5129
1020.5129
1020.5129
1021.9108
1020.5129
1021.9108
1023.3088
1023.3088
1023.3088
1024.7067
1024.7067
1026.1047
1027.5027
1028.9006
1030.2986
1030.2986
1031.6966
1033.0945
1034.4925
1037.2884
1038.6864
1040.0843
1041.4823
1044.2782
1047.0741
1048.4721
1051.268
1052.666
1056.8599
1058.2579
1061.0538
1063.8497
1066.6456
1069.4416
1072.2375
1075.0334
1076.4314
1080.6253
1082.0232
1084.8191
1089.013
1091.809
1094.6049
1098.7988
1101.5947
1104.3906
1108.5845
1111.3804
1114.1764
1118.3703
1122.5641
1125.3601
1129.554
1132.3499
1136.5438
1139.3397
1144.9315
1149.1254
1151.9214
1156.1152
1160.3091
1164.503
1167.299
1171.4928
1175.6867
1179.8806
1184.0745
1186.8704
1191.0643
1195.2582
1199.4521
1203.646
1207.8399
1212.0338
1216.2277
1220.4215
1223.2175
1227.4114
1233.0032
1237.1971
1239.993
1244.1869
1248.3808
1253.9726
1256.7686
1259.5645
1265.1563
1269.3502
1273.5441
1277.738
1281.9319
1286.1258
1291.7176
1293.1156
1298.7075
1302.9013
1307.0952
1311.2891
1315.483
1319.6769
1322.4728
1326.6667
1332.2586
1335.0545
1339.2484
1343.4423
1346.2382
1350.4321
1354.626
1358.8199
1361.6158
1367.2076
1370.0036
1374.1974
1378.3913
1381.1873
1383.9832
1388.1771
1390.973
1395.1669
1397.9628
1402.1567
1404.9526
1407.7486
1411.9424
1414.7384
1418.9323
1421.7282
1424.5241
1427.32
1430.116
1432.9119
1435.7078
1437.1058
1439.9017
1442.6976
1445.4936
1448.2895
1449.6874
1452.4834
1453.8813
1455.2793
1458.0752
1459.4732
1462.2691
1463.6671
1465.065
1467.861
1469.2589
1470.6569
1472.0548
1473.4528
1474.8508
1477.6467
1479.0447
1480.4426
1481.8406
1483.2385
1484.6365
1486.0345
1487.4324
1488.8304
1490.2284
1491.6263
1491.6263
1493.0243
1494.4223
1494.4223
1495.8202
1495.8202
1495.8202
1495.8202
1495.8202
1497.2182
1497.2182
1497.2182
1498.6161
1497.2182
1497.2182
1497.2182
1497.2182
1497.2182
1495.8202
1494.4223
1494.4223
1493.0243
1493.0243
1490.2284
1488.8304
1487.4324
1484.6365
1483.2385
1480.4426
1477.6467
1474.8508
1472.0548
1469.2589
1465.065
1462.2691
1458.0752
1452.4834
1449.6874
1444.0956
1439.9017
1434.3099
1428.718
1423.1261
1417.5343
1410.5445
1404.9526
1397.9628
1392.371
1383.9832
1376.9934
1368.6056
1360.2178
1351.83
1343.4423
1333.6565
1322.4728
1312.6871
1302.9013
1291.7176
1280.5339
1269.3502
1258.1665
1245.5849
1233.0032
1220.4215
1206.4419
1192.4623
1178.4827
1161.7071
1146.3295
1129.554
1112.7784
1094.6049
1077.8293
1058.2579
1038.6864
1017.7169
995.3495
974.3801
950.6147
929.6453
905.8799
883.5125
858.3492
831.7879
805.2266
777.2673
747.9101
717.1549
686.3997
655.6446
626.2873
596.9301
566.1749
532.6238
500.4707
468.3175
436.1644
402.6133
370.4601
339.705
307.5518
278.1946
251.6333
225.072
198.5107
171.9494
146.7861
123.0207
102.0513
81.0818
67.1022
51.7246
41.9389
33.5511
25.1633
19.5715
13.9796
8.3878
5.5919
1.398
0
0
0
1.398
0
0
0
0
0
0
0
0
1.398
0
0
0
0
0
1.398
0
0
0
0
0
0
0
0
0
0
0
0
0
0
0
0
0
0
0
0
0
0
0
1.398
0
0
0
0
0
0
0
0
0
0
0
0
0
0
0
0
0
0
0
0
0
0
0
0
0
0
0
0
0
0
0
0
0
0
0
0
0
0
0
0
0
0
0
0
0
0
0
0
0
0
0
0
0
0
0
0
0
0
0
0
0
0
0
0
0
0
0
0
0
0
0
0
0
0
0
0
0
0
0
0
0
0
0
0
0
0
0
0
0
0
0
0
0
0
0
0
0
0
0
0
0
0
0
0
0
0
0
0
0
0
0
0
0
0
0
0
0
0
0
0
0
0
0
0
0
0
0
0
0
0
0
0
0
0
0
0
0
0
0
0
0
0
0
0
0
0
0
0
0
0
0
0
0
0
0
0
0
0
0
0
0
0
0
0
0
0
0
0
0
0
0
0
0
0
0
0
0
0
0
0
0
0
0
0
0
0
0
0
0
0
0
0
0
0
0
1.398
0
0
0
0
0
0
0
0
0
0
0
0
0
0
0
0
0
0
0
0
0
0
0
0
0
0
0
0
0
0
0
0
0
0
0
0
0
0
0
0
0
0
0
0
0
0
0
0
0
0
0
0
0
0
0
0
0
0
0
0
0
0
0
0
0
0
0
0
0
0
0
0
0
0
0
0
0
0
0
0
0
0
0
0
0
0
0
0
0
0
0
0
0
0
0
0
0
0
0
0
0
0
1.398
0
0
0
0
0
0
0
0
0
0
0
0
0
0
0
0
0
0
0
0
0
0
0
0
0
0
0
0
0
0
0
0
0
0
0
0
0
0
0
0
0
0
0
0
0
0
0
0
0
0
0
0
0
0
0
0
0
0
0
0
0
0
0
0
0
0
0
0
0
0
0
0
0
0
0
0
0
0
0
0
0
0
0
0
0
0
0
0
0
0
0
0
0
0
0
0
0
0
0
0
0
0
0
0
0
0
0
0
0
0
0
0
0
0
0
0
0
0
0
0
0
0
1.398
0
0
0
0
0
0
0
0
0
0
0
0
0
0
0
0
0
0
0
0
0
0
0
0
0
0
0
0
0
0
0
0
0
0
0
0
0
0
0
0
0
0
0
0
0
0
0
0
0
0
0
0
0
0
0
0
0
0
0
0
0
0
0
0
0
0
0
0
0
0
0
0
0
0
0
0
0
0
0
0
0
0
0
0
0
0
0
0
0
0
0
0
0
0
0
0
0
0
0
0
0
0
0
0
0
0
0
1.398
0
1.398
0
0
0
0
0
0
0
0
0
0
0
0
0
0
0
0
0
0
0
0
0
0
0
0
0
0
0
0
0
0
0
0
0
0
0
0
0
0
0
0
0
0
0
0
0
0
0
0
0
0
0
0
0
0
0
0
0
0
0
0
0
0
0
0
0
0
0
0
0
0
0
0
0
0
0
0
0
0
0
0
0
0
0
0
0
0
0
0
0
0
0
0
0
0
0
0
0
0
0
0
0
0
0
0
0
0
0
0
0
0
0
0
0
0
0
0
0
0
0
0
0
0
0
0
0
0
0
0
0
0
0
0
0
0
0
0
0
0
0
0
0
0
0
0
0
0
0
0
0
0
0
0
0
0
0
0
0
0
0
0
0
0
0
0
0
0
0
0
0
0
0
0
0
0
0
0
0
0
0
0
0
0
0
0
0
0
0
0
0
0
0
0
0
0
0
0
0
0
0
0
0
0
0
1.398
0
0
0
0
0
0
0
0
0
0
0
0
0
0
0
0
0
0
0
0
0
0
0
0
0
0
0
0
0
0
0
0
0
0
0
0
0
0
0
0
0
0
0
0
0
0
0
0
0
0
0
0
0
0
0
0
0
0
0
0
0
0
0
0
0
0
0
0
0
0
0
0
0
0
