585.7464
585.7464
585.7464
585.7464
585.7464
585.7464
585.7464
584.3485
585.7464
585.7464
585.7464
585.7464
585.7464
584.3485
584.3485
584.3485
584.3485
585.7464
585.7464
585.7464
584.3485
584.3485
585.7464
584.3485
584.3485
584.3485
584.3485
584.3485
584.3485
584.3485
584.3485
584.3485
585.7464
584.3485
584.3485
585.7464
584.3485
585.7464
584.3485
584.3485
585.7464
584.3485
584.3485
585.7464
584.3485
584.3485
585.7464
584.3485
584.3485
585.7464
584.3485
584.3485
584.3485
584.3485
584.3485
584.3485
584.3485
585.7464
584.3485
584.3485
584.3485
585.7464
584.3485
585.7464
585.7464
585.7464
584.3485
584.3485
585.7464
584.3485
584.3485
584.3485
584.3485
584.3485
584.3485
584.3485
584.3485
584.3485
584.3485
584.3485
584.3485
584.3485
584.3485
584.3485
584.3485
582.9505
584.3485
584.3485
584.3485
584.3485
584.3485
584.3485
584.3485
584.3485
584.3485
582.9505
582.9505
582.9505
584.3485
584.3485
584.3485
584.3485
584.3485
582.9505
582.9505
582.9505
582.9505
582.9505
582.9505
582.9505
582.9505
582.9505
582.9505
582.9505
582.9505
582.9505
582.9505
582.9505
582.9505
582.9505
582.9505
582.9505
582.9505
582.9505
582.9505
584.3485
582.9505
582.9505
582.9505
581.5525
582.9505
582.9505
582.9505
582.9505
582.9505
582.9505
582.9505
582.9505
582.9505
582.9505
582.9505
582.9505
582.9505
582.9505
584.3485
582.9505
582.9505
582.9505
584.3485
582.9505
582.9505
582.9505
582.9505
582.9505
582.9505
582.9505
582.9505
582.9505
582.9505
582.9505
582.9505
582.9505
582.9505
582.9505
582.9505
582.9505
582.9505
582.9505
582.9505
582.9505
582.9505
582.9505
582.9505
582.9505
582.9505
582.9505
582.9505
582.9505
582.9505
582.9505
584.3485
582.9505
582.9505
582.9505
582.9505
582.9505
582.9505
584.3485
582.9505
582.9505
582.9505
582.9505
582.9505
582.9505
582.9505
582.9505
582.9505
582.9505
584.3485
582.9505
582.9505
582.9505
582.9505
582.9505
584.3485
582.9505
582.9505
582.9505
582.9505
582.9505
582.9505
582.9505
582.9505
584.3485
584.3485
582.9505
584.3485
584.3485
582.9505
582.9505
584.3485
584.3485
584.3485
584.3485
584.3485
584.3485
584.3485
584.3485
584.3485
584.3485
584.3485
584.3485
584.3485
584.3485
584.3485
584.3485
584.3485
584.3485
584.3485
584.3485
585.7464
585.7464
585.7464
585.7464
585.7464
585.7464
585.7464
584.3485
585.7464
584.3485
585.7464
585.7464
585.7464
585.7464
585.7464
585.7464
585.7464
585.7464
585.7464
585.7464
585.7464
585.7464
584.3485
584.3485
584.3485
585.7464
585.7464
585.7464
584.3485
585.7464
584.3485
585.7464
585.7464
585.7464
585.7464
585.7464
585.7464
585.7464
585.7464
585.7464
585.7464
584.3485
585.7464
585.7464
584.3485
584.3485
585.7464
585.7464
584.3485
585.7464
584.3485
585.7464
584.3485
585.7464
584.3485
585.7464
584.3485
585.7464
584.3485
585.7464
584.3485
585.7464
584.3485
584.3485
585.7464
585.7464
584.3485
584.3485
585.7464
584.3485
585.7464
584.3485
584.3485
584.3485
585.7464
585.7464
584.3485
584.3485
585.7464
585.7464
584.3485
585.7464
585.7464
584.3485
585.7464
585.7464
585.7464
585.7464
584.3485
585.7464
585.7464
585.7464
585.7464
585.7464
585.7464
585.7464
585.7464
585.7464
585.7464
585.7464
585.7464
585.7464
585.7464
585.7464
587.1444
585.7464
585.7464
585.7464
585.7464
585.7464
587.1444
585.7464
585.7464
587.1444
585.7464
585.7464
587.1444
585.7464
585.7464
587.1444
585.7464
587.1444
587.1444
587.1444
585.7464
585.7464
584.3485
585.7464
585.7464
585.7464
585.7464
585.7464
585.7464
585.7464
585.7464
585.7464
585.7464
584.3485
585.7464
584.3485
585.7464
585.7464
585.7464
584.3485
584.3485
585.7464
584.3485
584.3485
584.3485
584.3485
582.9505
584.3485
584.3485
584.3485
584.3485
584.3485
582.9505
584.3485
582.9505
582.9505
582.9505
582.9505
582.9505
582.9505
584.3485
584.3485
582.9505
584.3485
582.9505
582.9505
584.3485
582.9505
584.3485
582.9505
582.9505
582.9505
582.9505
582.9505
582.9505
582.9505
582.9505
582.9505
582.9505
582.9505
582.9505
582.9505
582.9505
582.9505
582.9505
582.9505
582.9505
584.3485
582.9505
582.9505
582.9505
582.9505
582.9505
582.9505
582.9505
582.9505
582.9505
582.9505
582.9505
584.3485
582.9505
582.9505
582.9505
584.3485
584.3485
582.9505
582.9505
582.9505
582.9505
582.9505
584.3485
582.9505
582.9505
584.3485
582.9505
584.3485
582.9505
582.9505
584.3485
582.9505
584.3485
582.9505
584.3485
584.3485
584.3485
582.9505
584.3485
584.3485
582.9505
582.9505
582.9505
584.3485
582.9505
582.9505
582.9505
584.3485
582.9505
584.3485
582.9505
582.9505
584.3485
584.3485
582.9505
582.9505
582.9505
584.3485
582.9505
584.3485
584.3485
582.9505
584.3485
584.3485
584.3485
584.3485
582.9505
584.3485
584.3485
582.9505
582.9505
584.3485
584.3485
584.3485
584.3485
582.9505
584.3485
584.3485
584.3485
584.3485
584.3485
584.3485
584.3485
584.3485
584.3485
582.9505
584.3485
584.3485
582.9505
584.3485
584.3485
584.3485
584.3485
584.3485
584.3485
584.3485
582.9505
582.9505
582.9505
584.3485
582.9505
584.3485
584.3485
584.3485
584.3485
584.3485
584.3485
584.3485
582.9505
584.3485
584.3485
584.3485
584.3485
582.9505
584.3485
584.3485
584.3485
584.3485
584.3485
584.3485
584.3485
584.3485
584.3485
582.9505
584.3485
584.3485
584.3485
584.3485
584.3485
584.3485
584.3485
584.3485
584.3485
584.3485
584.3485
585.7464
584.3485
585.7464
584.3485
584.3485
584.3485
584.3485
584.3485
584.3485
585.7464
584.3485
584.3485
585.7464
585.7464
585.7464
585.7464
584.3485
584.3485
585.7464
584.3485
584.3485
584.3485
584.3485
585.7464
584.3485
585.7464
585.7464
585.7464
584.3485
585.7464
584.3485
585.7464
584.3485
585.7464
584.3485
584.3485
585.7464
584.3485
584.3485
584.3485
585.7464
584.3485
584.3485
585.7464
585.7464
585.7464
585.7464
584.3485
584.3485
584.3485
584.3485
585.7464
584.3485
585.7464
584.3485
585.7464
585.7464
584.3485
584.3485
584.3485
584.3485
584.3485
584.3485
584.3485
584.3485
584.3485
582.9505
585.7464
584.3485
584.3485
584.3485
584.3485
584.3485
585.7464
584.3485
584.3485
585.7464
585.7464
584.3485
584.3485
584.3485
584.3485
582.9505
584.3485
584.3485
584.3485
584.3485
584.3485
584.3485
585.7464
584.3485
584.3485
584.3485
584.3485
584.3485
584.3485
584.3485
584.3485
584.3485
584.3485
584.3485
584.3485
584.3485
584.3485
584.3485
584.3485
584.3485
584.3485
584.3485
585.7464
584.3485
584.3485
584.3485
584.3485
584.3485
584.3485
584.3485
584.3485
584.3485
584.3485
584.3485
584.3485
584.3485
584.3485
584.3485
584.3485
584.3485
584.3485
584.3485
584.3485
584.3485
584.3485
584.3485
584.3485
584.3485
584.3485
584.3485
584.3485
584.3485
584.3485
585.7464
584.3485
584.3485
584.3485
584.3485
584.3485
584.3485
584.3485
584.3485
584.3485
584.3485
585.7464
584.3485
585.7464
584.3485
584.3485
584.3485
584.3485
584.3485
584.3485
585.7464
584.3485
584.3485
584.3485
584.3485
584.3485
584.3485
584.3485
585.7464
584.3485
584.3485
584.3485
584.3485
584.3485
584.3485
584.3485
584.3485
584.3485
584.3485
582.9505
584.3485
584.3485
584.3485
584.3485
584.3485
584.3485
584.3485
584.3485
584.3485
584.3485
584.3485
584.3485
582.9505
584.3485
582.9505
582.9505
584.3485
584.3485
584.3485
584.3485
584.3485
582.9505
584.3485
584.3485
584.3485
584.3485
584.3485
582.9505
582.9505
584.3485
584.3485
584.3485
584.3485
584.3485
584.3485
584.3485
584.3485
584.3485
582.9505
584.3485
584.3485
584.3485
582.9505
584.3485
584.3485
582.9505
584.3485
582.9505
582.9505
584.3485
584.3485
584.3485
584.3485
584.3485
584.3485
584.3485
584.3485
582.9505
584.3485
584.3485
584.3485
584.3485
584.3485
584.3485
584.3485
584.3485
584.3485
584.3485
584.3485
584.3485
584.3485
584.3485
585.7464
584.3485
584.3485
584.3485
584.3485
584.3485
585.7464
584.3485
584.3485
584.3485
584.3485
584.3485
584.3485
584.3485
584.3485
585.7464
584.3485
584.3485
584.3485
585.7464
585.7464
585.7464
584.3485
584.3485
585.7464
584.3485
584.3485
584.3485
584.3485
584.3485
584.3485
584.3485
584.3485
584.3485
584.3485
584.3485
584.3485
584.3485
584.3485
584.3485
584.3485
584.3485
585.7464
584.3485
584.3485
584.3485
584.3485
582.9505
584.3485
584.3485
584.3485
584.3485
584.3485
582.9505
584.3485
584.3485
584.3485
584.3485
584.3485
584.3485
584.3485
584.3485
584.3485
582.9505
584.3485
584.3485
582.9505
584.3485
584.3485
584.3485
582.9505
584.3485
584.3485
584.3485
584.3485
584.3485
584.3485
584.3485
584.3485
585.7464
584.3485
584.3485
585.7464
585.7464
584.3485
585.7464
585.7464
585.7464
584.3485
585.7464
585.7464
584.3485
585.7464
585.7464
585.7464
585.7464
585.7464
585.7464
585.7464
585.7464
585.7464
585.7464
585.7464
585.7464
585.7464
585.7464
585.7464
585.7464
585.7464
585.7464
587.1444
587.1444
585.7464
585.7464
585.7464
585.7464
587.1444
585.7464
587.1444
585.7464
585.7464
585.7464
585.7464
585.7464
585.7464
584.3485
585.7464
584.3485
584.3485
585.7464
584.3485
584.3485
584.3485
584.3485
584.3485
584.3485
584.3485
584.3485
584.3485
582.9505
582.9505
584.3485
584.3485
584.3485
584.3485
582.9505
582.9505
584.3485
582.9505
582.9505
582.9505
582.9505
582.9505
582.9505
582.9505
582.9505
582.9505
582.9505
582.9505
582.9505
582.9505
582.9505
582.9505
582.9505
582.9505
582.9505
582.9505
582.9505
581.5525
581.5525
581.5525
582.9505
582.9505
582.9505
581.5525
581.5525
581.5525
581.5525
581.5525
582.9505
581.5525
581.5525
581.5525
581.5525
581.5525
581.5525
581.5525
581.5525
581.5525
581.5525
581.5525
581.5525
581.5525
581.5525
581.5525
581.5525
581.5525
581.5525
581.5525
581.5525
581.5525
582.9505
582.9505
581.5525
581.5525
581.5525
581.5525
581.5525
581.5525
581.5525
581.5525
581.5525
581.5525
582.9505
581.5525
581.5525
581.5525
581.5525
581.5525
581.5525
581.5525
581.5525
581.5525
581.5525
581.5525
581.5525
581.5525
581.5525
581.5525
581.5525
580.1546
581.5525
582.9505
582.9505
581.5525
581.5525
581.5525
581.5525
581.5525
581.5525
582.9505
581.5525
581.5525
582.9505
582.9505
581.5525
582.9505
582.9505
582.9505
582.9505
582.9505
582.9505
582.9505
582.9505
582.9505
582.9505
582.9505
582.9505
582.9505
582.9505
582.9505
582.9505
582.9505
582.9505
582.9505
582.9505
582.9505
582.9505
584.3485
582.9505
582.9505
584.3485
582.9505
584.3485
582.9505
582.9505
584.3485
584.3485
584.3485
584.3485
584.3485
584.3485
582.9505
582.9505
584.3485
584.3485
584.3485
584.3485
584.3485
584.3485
584.3485
582.9505
584.3485
584.3485
582.9505
584.3485
584.3485
584.3485
584.3485
585.7464
584.3485
584.3485
584.3485
584.3485
584.3485
584.3485
584.3485
584.3485
584.3485
584.3485
584.3485
585.7464
585.7464
585.7464
585.7464
585.7464
585.7464
585.7464
585.7464
585.7464
585.7464
585.7464
585.7464
585.7464
585.7464
585.7464
585.7464
585.7464
585.7464
585.7464
585.7464
585.7464
585.7464
585.7464
585.7464
585.7464
585.7464
585.7464
585.7464
585.7464
585.7464
585.7464
585.7464
585.7464
585.7464
585.7464
585.7464
587.1444
585.7464
585.7464
585.7464
585.7464
585.7464
585.7464
585.7464
585.7464
585.7464
585.7464
585.7464
585.7464
585.7464
585.7464
585.7464
585.7464
585.7464
585.7464
585.7464
584.3485
584.3485
585.7464
585.7464
585.7464
585.7464
585.7464
585.7464
584.3485
584.3485
584.3485
584.3485
585.7464
584.3485
584.3485
584.3485
584.3485
585.7464
584.3485
585.7464
584.3485
584.3485
584.3485
584.3485
584.3485
584.3485
584.3485
584.3485
584.3485
584.3485
584.3485
584.3485
584.3485
584.3485
584.3485
584.3485
584.3485
584.3485
584.3485
584.3485
584.3485
584.3485
584.3485
584.3485
584.3485
584.3485
584.3485
584.3485
584.3485
584.3485
584.3485
584.3485
584.3485
584.3485
584.3485
584.3485
584.3485
584.3485
584.3485
584.3485
582.9505
584.3485
582.9505
584.3485
584.3485
584.3485
582.9505
584.3485
582.9505
584.3485
582.9505
582.9505
584.3485
582.9505
582.9505
584.3485
582.9505
584.3485
582.9505
582.9505
582.9505
582.9505
582.9505
582.9505
584.3485
582.9505
582.9505
584.3485
582.9505
582.9505
582.9505
582.9505
582.9505
584.3485
584.3485
582.9505
582.9505
582.9505
582.9505
584.3485
582.9505
584.3485
582.9505
582.9505
584.3485
584.3485
584.3485
584.3485
582.9505
584.3485
584.3485
584.3485
585.7464
584.3485
584.3485
584.3485
584.3485
584.3485
585.7464
584.3485
584.3485
584.3485
584.3485
585.7464
584.3485
584.3485
584.3485
584.3485
585.7464
584.3485
584.3485
584.3485
584.3485
584.3485
584.3485
585.7464
584.3485
585.7464
584.3485
585.7464
585.7464
584.3485
585.7464
584.3485
584.3485
584.3485
584.3485
584.3485
584.3485
584.3485
584.3485
584.3485
584.3485
584.3485
584.3485
584.3485
584.3485
584.3485
584.3485
584.3485
584.3485
584.3485
584.3485
584.3485
584.3485
584.3485
584.3485
582.9505
584.3485
584.3485
584.3485
582.9505
584.3485
584.3485
584.3485
582.9505
584.3485
582.9505
582.9505
584.3485
584.3485
582.9505
584.3485
584.3485
584.3485
584.3485
584.3485
584.3485
584.3485
584.3485
585.7464
584.3485
584.3485
584.3485
584.3485
584.3485
584.3485
584.3485
584.3485
585.7464
585.7464
585.7464
585.7464
584.3485
585.7464
584.3485
585.7464
584.3485
585.7464
585.7464
585.7464
585.7464
585.7464
585.7464
585.7464
585.7464
585.7464
585.7464
585.7464
585.7464
585.7464
585.7464
585.7464
585.7464
585.7464
585.7464
585.7464
585.7464
585.7464
585.7464
585.7464
585.7464
587.1444
585.7464
585.7464
585.7464
585.7464
585.7464
585.7464
585.7464
585.7464
585.7464
585.7464
585.7464
585.7464
585.7464
585.7464
585.7464
587.1444
585.7464
585.7464
584.3485
585.7464
585.7464
584.3485
585.7464
585.7464
585.7464
585.7464
584.3485
585.7464
584.3485
584.3485
585.7464
584.3485
584.3485
585.7464
584.3485
585.7464
585.7464
585.7464
585.7464
584.3485
585.7464
585.7464
585.7464
585.7464
585.7464
585.7464
585.7464
585.7464
585.7464
585.7464
585.7464
585.7464
585.7464
585.7464
585.7464
585.7464
585.7464
585.7464
584.3485
585.7464
587.1444
585.7464
585.7464
584.3485
584.3485
584.3485
584.3485
585.7464
585.7464
584.3485
584.3485
584.3485
584.3485
584.3485
584.3485
584.3485
584.3485
584.3485
584.3485
584.3485
584.3485
582.9505
584.3485
584.3485
584.3485
584.3485
584.3485
582.9505
582.9505
582.9505
582.9505
584.3485
582.9505
582.9505
582.9505
582.9505
582.9505
582.9505
582.9505
581.5525
581.5525
581.5525
581.5525
582.9505
581.5525
581.5525
581.5525
581.5525
581.5525
581.5525
581.5525
581.5525
581.5525
581.5525
581.5525
581.5525
581.5525
581.5525
581.5525
581.5525
581.5525
581.5525
580.1546
581.5525
581.5525
580.1546
580.1546
581.5525
580.1546
581.5525
581.5525
580.1546
581.5525
581.5525
581.5525
581.5525
580.1546
581.5525
581.5525
581.5525
580.1546
580.1546
581.5525
581.5525
581.5525
581.5525
581.5525
581.5525
581.5525
581.5525
581.5525
581.5525
581.5525
581.5525
581.5525
581.5525
581.5525
581.5525
581.5525
581.5525
581.5525
581.5525
582.9505
581.5525
581.5525
582.9505
581.5525
581.5525
582.9505
582.9505
581.5525
582.9505
582.9505
582.9505
582.9505
582.9505
582.9505
582.9505
582.9505
582.9505
582.9505
584.3485
582.9505
582.9505
582.9505
582.9505
582.9505
584.3485
582.9505
582.9505
582.9505
582.9505
584.3485
582.9505
584.3485
582.9505
582.9505
582.9505
584.3485
584.3485
584.3485
582.9505
582.9505
584.3485
584.3485
584.3485
582.9505
584.3485
584.3485
582.9505
584.3485
582.9505
584.3485
584.3485
584.3485
584.3485
584.3485
584.3485
584.3485
584.3485
584.3485
584.3485
584.3485
584.3485
584.3485
584.3485
584.3485
584.3485
584.3485
584.3485
585.7464
584.3485
585.7464
584.3485
585.7464
584.3485
584.3485
585.7464
584.3485
585.7464
585.7464
585.7464
585.7464
585.7464
585.7464
585.7464
585.7464
585.7464
585.7464
585.7464
585.7464
585.7464
585.7464
585.7464
584.3485
585.7464
585.7464
585.7464
585.7464
584.3485
585.7464
585.7464
584.3485
585.7464
585.7464
585.7464
585.7464
584.3485
585.7464
584.3485
584.3485
584.3485
584.3485
584.3485
584.3485
584.3485
584.3485
584.3485
584.3485
584.3485
584.3485
584.3485
584.3485
584.3485
582.9505
584.3485
584.3485
584.3485
584.3485
584.3485
584.3485
582.9505
582.9505
582.9505
584.3485
582.9505
582.9505
582.9505
582.9505
582.9505
582.9505
582.9505
582.9505
582.9505
582.9505
582.9505
582.9505
582.9505
581.5525
582.9505
582.9505
581.5525
582.9505
581.5525
581.5525
581.5525
582.9505
582.9505
582.9505
581.5525
581.5525
581.5525
581.5525
581.5525
581.5525
581.5525
581.5525
581.5525
581.5525
581.5525
581.5525
581.5525
580.1546
580.1546
580.1546
581.5525
581.5525
580.1546
580.1546
580.1546
580.1546
580.1546
578.7566
580.1546
578.7566
578.7566
580.1546
578.7566
578.7566
580.1546
580.1546
578.7566
580.1546
580.1546
578.7566
578.7566
578.7566
578.7566
578.7566
578.7566
578.7566
578.7566
578.7566
578.7566
580.1546
578.7566
580.1546
578.7566
578.7566
578.7566
578.7566
578.7566
578.7566
580.1546
578.7566
578.7566
578.7566
578.7566
578.7566
578.7566
578.7566
578.7566
578.7566
578.7566
577.3586
578.7566
578.7566
577.3586
577.3586
577.3586
578.7566
577.3586
577.3586
578.7566
577.3586
577.3586
578.7566
578.7566
577.3586
577.3586
577.3586
577.3586
577.3586
577.3586
577.3586
577.3586
577.3586
577.3586
577.3586
577.3586
577.3586
577.3586
577.3586
577.3586
575.9607
577.3586
577.3586
577.3586
577.3586
575.9607
575.9607
575.9607
575.9607
575.9607
575.9607
575.9607
574.5627
574.5627
575.9607
574.5627
574.5627
574.5627
574.5627
573.1648
574.5627
573.1648
573.1648
573.1648
573.1648
573.1648
571.7668
573.1648
571.7668
570.3688
571.7668
571.7668
570.3688
570.3688
571.7668
570.3688
568.9709
568.9709
567.5729
568.9709
567.5729
567.5729
567.5729
567.5729
566.1749
566.1749
566.1749
564.777
564.777
563.379
564.777
563.379
563.379
560.5831
561.9811
560.5831
561.9811
560.5831
559.1851
559.1851
559.1851
559.1851
557.7872
557.7872
556.3892
556.3892
556.3892
556.3892
554.9912
554.9912
553.5933
553.5933
552.1953
552.1953
552.1953
550.7973
550.7973
549.3994
549.3994
549.3994
548.0014
548.0014
546.6035
546.6035
546.6035
545.2055
545.2055
543.8075
543.8075
543.8075
542.4096
541.0116
541.0116
539.6136
539.6136
538.2157
538.2157
536.8177
536.8177
535.4198
535.4198
532.6238
532.6238
531.2259
529.8279
528.4299
528.4299
527.032
527.032
525.634
522.8381
522.8381
521.4401
520.0422
518.6442
517.2462
515.8483
514.4503
513.0524
511.6544
508.8585
507.4605
506.0625
504.6646
503.2666
500.4707
499.0727
496.2768
494.8788
493.4809
490.6849
489.287
487.889
485.0931
482.2972
480.8992
478.1033
476.7053
473.9094
471.1135
469.7155
466.9196
464.1237
461.3277
459.9298
457.1338
452.94
451.542
447.3481
445.9501
441.7563
440.3583
437.5624
433.3685
431.9705
427.7766
424.9807
422.1848
419.3888
416.5929
412.399
409.6031
406.8072
402.6133
399.8174
397.0214
394.2255
390.0316
387.2357
384.4398
380.2459
378.8479
374.654
371.8581
369.0622
366.2663
363.4703
360.6744
357.8785
355.0826
350.8887
349.4907
346.6948
343.8989
341.1029
338.307
335.5111
332.7152
329.9192
328.5213
324.3274
321.5314
320.1335
317.3376
313.1437
311.7457
308.9498
304.7559
303.3579
300.562
299.164
296.3681
293.5722
290.7763
287.9803
285.1844
282.3885
280.9905
278.1946
276.7966
274.0007
272.6027
269.8068
268.4089
267.0109
262.817
261.419
260.0211
258.6231
257.2252
254.4292
253.0313
251.6333
250.2353
248.8374
246.0415
244.6435
243.2455
241.8476
240.4496
239.0516
237.6537
237.6537
234.8578
233.4598
232.0618
230.6639
230.6639
229.2659
227.8679
226.47
225.072
223.6741
223.6741
222.2761
220.8781
220.8781
218.0822
218.0822
216.6842
215.2863
215.2863
213.8883
212.4903
211.0924
211.0924
208.2965
208.2965
206.8985
206.8985
205.5005
205.5005
204.1026
202.7046
201.3066
201.3066
199.9087
199.9087
198.5107
198.5107
198.5107
198.5107
198.5107
198.5107
197.1128
198.5107
198.5107
198.5107
198.5107
198.5107
199.9087
201.3066
202.7046
202.7046
204.1026
204.1026
205.5005
206.8985
208.2965
209.6944
211.0924
212.4903
213.8883
215.2863
218.0822
219.4802
220.8781
222.2761
225.072
227.8679
229.2659
232.0618
233.4598
237.6537
239.0516
243.2455
244.6435
247.4394
250.2353
253.0313
257.2252
258.6231
262.817
265.6129
269.8068
272.6027
274.0007
278.1946
280.9905
285.1844
287.9803
290.7763
293.5722
297.7661
300.562
304.7559
306.1539
310.3477
313.1437
317.3376
321.5314
324.3274
327.1233
332.7152
335.5111
339.705
342.5009
346.6948
349.4907
353.6846
356.4805
359.2764
362.0724
366.2663
369.0622
370.4601
373.2561
376.052
377.45
380.2459
383.0418
384.4398
385.8377
388.6337
390.0316
391.4296
392.8276
394.2255
397.0214
398.4194
399.8174
402.6133
404.0113
405.4092
408.2051
409.6031
411.0011
413.797
416.5929
417.9909
419.3888
420.7868
423.5827
424.9807
429.1746
429.1746
431.9705
433.3685
434.7664
437.5624
440.3583
441.7563
444.5522
445.9501
448.7461
451.542
455.7359
457.1338
459.9298
462.7257
466.9196
469.7155
472.5114
476.7053
479.5012
483.6951
486.4911
490.6849
493.4809
496.2768
500.4707
503.2666
506.0625
507.4605
511.6544
514.4503
515.8483
518.6442
521.4401
522.8381
525.634
528.4299
529.8279
532.6238
535.4198
538.2157
539.6136
542.4096
545.2055
548.0014
550.7973
553.5933
556.3892
559.1851
561.9811
564.777
567.5729
570.3688
573.1648
574.5627
577.3586
581.5525
582.9505
585.7464
588.5423
589.9403
592.7362
595.5322
598.3281
599.726
602.522
605.3179
609.5118
610.9098
615.1036
617.8996
622.0935
626.2873
630.4812
634.6751
637.471
641.6649
645.8588
651.4507
655.6446
658.4405
662.6344
666.8283
671.0222
673.8181
678.012
682.2059
685.0018
687.7977
690.5936
693.3896
697.5834
700.3794
703.1753
707.3692
708.7671
712.961
715.757
718.5529
721.3488
724.1447
726.9407
729.7366
732.5325
736.7264
739.5223
742.3183
745.1142
746.5121
749.3081
750.706
754.8999
754.8999
757.6958
759.0938
760.4918
761.8897
763.2877
764.6857
766.0836
766.0836
768.8795
768.8795
770.2775
771.6755
773.0734
774.4714
777.2673
778.6653
780.0633
782.8592
784.2571
787.0531
789.849
792.6449
795.4408
798.2368
801.0327
803.8286
806.6245
809.4205
812.2164
815.0123
817.8082
820.6042
823.4001
826.196
827.594
830.3899
833.1858
833.1858
837.3797
838.7777
841.5736
842.9716
845.7675
848.5634
849.9614
851.3594
854.1553
856.9512
859.7471
863.941
865.339
868.1349
870.9308
872.3288
876.5227
879.3186
880.7166
883.5125
886.3084
889.1044
890.5023
893.2982
896.0942
897.4921
901.686
903.084
904.4819
907.2779
908.6758
911.4718
912.8697
917.0636
918.4616
919.8595
922.6555
924.0534
926.8493
929.6453
931.0432
935.2371
936.6351
939.431
942.2269
945.0229
947.8188
950.6147
953.4106
956.2066
957.6045
960.4005
963.1964
965.9923
968.7882
970.1862
972.9821
975.778
977.176
978.574
981.3699
984.1658
985.5638
988.3597
989.7577
992.5536
995.3495
996.7475
999.5434
1000.9414
1002.3393
1003.7373
1006.5332
1009.3292
1012.1251
1013.523
1016.319
1017.7169
1019.1149
1021.9108
1023.3088
1026.1047
1027.5027
1030.2986
1031.6966
1034.4925
1035.8904
1037.2884
1038.6864
1040.0843
1040.0843
1041.4823
1042.8803
1042.8803
1045.6762
1045.6762
1047.0741
1047.0741
1047.0741
1049.8701
1049.8701
1049.8701
1049.8701
1051.268
1052.666
1054.064
1054.064
1054.064
1054.064
1054.064
1054.064
1054.064
1055.4619
1055.4619
1055.4619
1055.4619
1056.8599
1055.4619
1055.4619
1056.8599
1055.4619
1055.4619
1055.4619
1055.4619
1055.4619
1055.4619
1055.4619
1055.4619
1054.064
1055.4619
1054.064
1054.064
1054.064
1054.064
1055.4619
1054.064
1054.064
1054.064
1054.064
1054.064
1052.666
1054.064
1054.064
1054.064
1054.064
1054.064
1052.666
1052.666
1052.666
1052.666
1052.666
1052.666
1054.064
1054.064
1052.666
1054.064
1054.064
1054.064
1054.064
1054.064
1054.064
1054.064
1054.064
1054.064
1054.064
1054.064
1054.064
1055.4619
1054.064
1055.4619
1055.4619
1055.4619
1055.4619
1056.8599
1056.8599
1056.8599
1056.8599
1056.8599
1058.2579
1058.2579
1058.2579
1059.6558
1059.6558
1059.6558
1059.6558
1059.6558
1061.0538
1061.0538
1062.4517
1061.0538
1062.4517
1062.4517
1063.8497
1063.8497
1063.8497
1065.2477
1063.8497
1065.2477
1065.2477
1065.2477
1065.2477
1065.2477
1065.2477
1065.2477
1065.2477
1065.2477
1065.2477
1066.6456
1065.2477
1066.6456
1066.6456
1066.6456
1068.0436
1066.6456
1066.6456
1068.0436
1068.0436
1068.0436
1068.0436
1068.0436
1069.4416
1069.4416
1068.0436
1069.4416
1069.4416
1069.4416
1069.4416
1069.4416
1069.4416
1070.8395
1070.8395
1070.8395
1070.8395
1072.2375
1072.2375
1072.2375
1072.2375
1073.6354
1073.6354
1073.6354
1073.6354
1073.6354
1073.6354
1073.6354
1073.6354
1075.0334
1075.0334
1075.0334
1075.0334
1076.4314
1076.4314
1076.4314
1077.8293
1076.4314
1077.8293
1079.2273
1079.2273
1079.2273
1080.6253
1082.0232
1083.4212
1083.4212
1086.2171
1086.2171
1087.6151
1090.411
1091.809
1094.6049
1096.0028
1097.4008
1100.1967
1101.5947
1104.3906
1104.3906
1108.5845
1109.9825
1112.7784
1114.1764
1116.9723
1118.3703
1121.1662
1122.5641
1125.3601
1129.554
1130.9519
1135.1458
1136.5438
1140.7377
1143.5336
1146.3295
1149.1254
1151.9214
1156.1152
1158.9112
1161.7071
1164.503
1168.6969
1171.4928
1174.2888
1178.4827
1182.6765
1185.4725
1188.2684
1192.4623
1196.6562
1199.4521
1202.248
1206.4419
1210.6358
1213.4317
1217.6256
1220.4215
1224.6154
1228.8093
1233.0032
1235.7991
1238.5951
1244.1869
1246.9828
1251.1767
1253.9726
1258.1665
1262.3604
1265.1563
1270.7482
1273.5441
1279.136
1281.9319
1286.1258
1288.9217
1293.1156
1295.9115
1300.1054
1304.2993
1308.4932
1312.6871
1315.483
1319.6769
1322.4728
1326.6667
1330.8606
1335.0545
1337.8504
1342.0443
1346.2382
1349.0341
1353.228
1357.4219
1360.2178
1364.4117
1368.6056
1372.7995
1376.9934
1379.7893
1383.9832
1386.7791
1390.973
1395.1669
1397.9628
1402.1567
1404.9526
1407.7486
1411.9424
1414.7384
1417.5343
1421.7282
1423.1261
1427.32
1430.116
1431.5139
1434.3099
1437.1058
1438.5037
1441.2997
1442.6976
1445.4936
1448.2895
1449.6874
1451.0854
1452.4834
1455.2793
1456.6773
1459.4732
1460.8711
1463.6671
1463.6671
1465.065
1466.463
1467.861
1469.2589
1470.6569
1472.0548
1474.8508
1476.2487
1477.6467
1479.0447
1479.0447
1480.4426
1481.8406
1481.8406
1484.6365
1484.6365
1486.0345
1487.4324
1487.4324
1488.8304
1490.2284
1491.6263
1491.6263
1493.0243
1493.0243
1494.4223
1494.4223
1494.4223
1495.8202
1495.8202
1495.8202
1495.8202
1495.8202
1495.8202
1495.8202
1495.8202
1494.4223
1493.0243
1493.0243
1491.6263
1490.2284
1490.2284
1487.4324
1486.0345
1484.6365
1483.2385
1480.4426
1479.0447
1476.2487
1472.0548
1469.2589
1466.463
1460.8711
1458.0752
1453.8813
1449.6874
1444.0956
1439.9017
1434.3099
1427.32
1421.7282
1414.7384
1407.7486
1400.7587
1393.7689
1385.3812
1376.9934
1367.2076
1358.8199
1350.4321
1340.6463
1329.4626
1319.6769
1308.4932
1295.9115
1283.3299
1272.1462
1258.1665
1244.1869
1228.8093
1213.4317
1198.0541
1181.2786
1164.503
1147.7275
1128.156
1108.5845
1089.013
1068.0436
1047.0741
1027.5027
1005.1353
982.7679
959.0025
933.8392
907.2779
880.7166
855.5532
828.992
801.0327
771.6755
740.9203
710.1651
676.614
643.0629
609.5118
573.1648
541.0116
506.0625
472.5114
436.1644
401.2153
364.8683
328.5213
290.7763
260.0211
226.47
194.3168
164.9596
137.0004
109.0411
83.8778
65.7043
50.3267
39.143
29.3572
22.3674
16.7756
12.5817
6.9898
2.7959
0
0
0
1.398
0
0
0
0
1.398
1.398
0
0
1.398
1.398
0
0
0
0
0
1.398
0
0
0
0
0
0
0
0
0
0
0
0
0
0
0
0
0
0
0
0
0
0
1.398
0
0
0
0
0
0
0
0
0
0
0
0
0
0
0
0
0
0
0
0
1.398
0
0
0
0
0
0
0
0
0
0
0
0
0
0
0
0
0
0
0
0
0
0
0
0
0
0
0
0
0
0
0
0
0
0
0
0
0
0
0
0
0
0
0
0
0
0
0
0
0
0
0
0
0
0
0
0
0
0
0
0
0
0
0
0
0
0
0
1.398
0
0
0
0
0
0
0
0
0
0
0
0
0
0
0
0
0
0
0
0
0
1.398
0
0
0
0
0
0
0
0
0
0
0
0
0
0
0
0
0
0
0
0
0
0
0
0
0
0
0
0
0
0
0
0
0
0
0
0
0
0
0
0
0
0
0
0
0
0
0
0
0
0
0
0
0
0
0
0
0
0
0
0
0
0
0
0
0
0
0
0
0
0
0
0
0
1.398
0
0
0
0
0
0
0
0
0
0
0
0
0
0
0
0
0
0
0
0
0
0
0
0
0
0
0
0
0
0
0
0
0
0
0
0
0
0
0
0
1.398
0
0
0
0
0
0
0
0
0
0
0
0
0
0
0
0
0
0
0
0
0
0
0
0
0
0
0
0
0
0
0
0
0
0
0
0
0
0
0
0
0
0
0
0
1.398
0
0
0
0
0
0
0
0
0
0
0
0
0
0
0
0
0
0
0
0
0
0
0
0
0
0
0
0
0
0
0
0
0
0
0
0
0
0
0
0
0
0
0
0
0
0
0
0
0
0
0
0
0
0
0
0
0
0
0
0
0
0
0
0
0
0
0
0
0
0
0
0
0
0
0
0
0
0
0
0
0
0
0
0
0
0
0
0
0
0
0
0
0
0
0
0
0
0
0
0
0
0
0
0
0
0
0
0
1.398
0
0
0
0
0
0
0
0
0
0
0
0
0
0
0
0
0
0
0
0
0
0
0
0
0
0
0
0
0
0
0
0
0
0
0
0
0
0
0
0
0
0
0
0
0
0
0
0
0
0
0
0
0
0
0
0
0
0
0
0
0
0
0
0
0
0
0
0
0
0
0
0
0
0
0
0
0
0
0
0
0
0
0
0
0
0
0
0
0
0
0
0
0
0
0
0
0
0
0
0
0
0
0
0
0
0
0
0
0
0
0
0
0
0
0
0
0
0
0
0
0
0
0
0
0
0
0
0
0
0
0
0
0
0
0
0
0
0
0
0
0
0
0
0
0
0
0
1.398
0
0
0
0
0
0
0
0
0
0
0
0
0
0
0
0
0
0
0
0
0
0
0
0
0
0
0
0
0
0
0
0
0
0
0
0
0
0
0
0
0
0
0
0
0
0
0
0
0
0
0
0
0
0
0
0
0
0
0
0
0
0
0
0
0
0
0
0
0
0
0
0
0
0
0
0
0
0
0
0
0
0
0
0
0
0
0
0
0
0
0
0
0
0
0
0
0
0
0
0
0
0
0
0
0
0
0
0
0
0
0
0
0
0
0
0
0
0
0
0
0
0
0
0
0
0
0
0
0
0
0
0
0
0
0
0
0
0
0
0
0
0
0
0
1.398
0
0
0
0
0
0
0
0
0
0
0
0
0
0
0
0
0
0
0
0
0
0
0
0
0
0
0
0
0
0
0
0
0
0
0
0
0
0
0
1.398
0
0
0
0
1.398
1.398
0
0
0
0
1.398
0
0
0
0
0
0
0
0
0
0
0
0
0
0
0
0
0
0
0
0
0
0
0
0
0
0
0
0
0
0
0
0
0
0
0
0
0
0
0
0
0
0
0
0
0
0
0
0
0
0
0
0
0
0
0
0
0
0
0
0
0
0
0
0
0
0
0
0
0
0
0
0
0
0
0
0
0
0
0
0
0
0
0
0
0
0
0
0
0
0
0
0
0
0
0
0
0
0
0
0
0
0
0
0
0
0
0
0
0
0
0
0
0
0
0
0
0
0
0
0
0
0
0
0
0
0
0
0
0
0
0
0
0
0
0
0
0
0
0
0
0
0
0
0
0
0
0
0
0
0
0
0
0
0
0
0
0
0
0
0
0
0
0
0
0
0
0
0
0
0
0
0
0
0
0
0
0
0
0
0
0
0
0
0
0
0
0
0
0
0
0
0
0
0
0
0
0
0
0
0
0
0
0
0
0
0
0
0
0
0
0
0
0
0
0
0
0
0
0
0
0
0
0
0
0
0
0
0
0
0
0
0
0
0
0
0
0
0
0
0
0
0
0
0
0
0
0
0
0
0
0
0
0
0
0
0
0
0
0
0
0
0
0
0
0
0
0
0
0
0
0
0
0
0
0
0
0
0
0
0
0
0
0
0
0
0
0
0
0
0
0
0
0
0
0
0
0
0
0
0
0
0
0
0
0
0
0
0
0
0
0
0
0
0
0
0
0
0
0
0
0
0
0
0
0
0
0
0
0
0
0
0
0
0
0
0
0
0
0
0
0
0
0
0
0
0
0
0
0
0
0
0
0
0
0
0
0
0
0
0
0
0
0
0
0
0
0
0
0
0
0
0
0
0
0
0
0
0
0
0
0
0
0
0
0
0
0
0
0
0
0
0
0
0
0
0
0
0
0
0
0
0
0
0
0
0
0
0
0
0
0
0
0
0
0
0
0
0
0
0
0
0
0
0
0
0
0
0
0
0
0
0
0
0
0
0
0
0
0
0
0
0
0
0
0
0
0
0
0
0
0
0
0
0
0
0
0
0
0
0
0
0
0
0
0
0
0
0
0
0
0
0
0
0
0
0
0
0
0
0
0
0
0
0
0
0
0
0
0
0
0
0
0
0
0
0
0
0
0
0
0
0
0
0
0
0
0
0
0
0
0
0
0
0
0
0
0
0
0
0
0
0
0
0
0
0
0
0
0
0
0
0
0
0
0
0
0
0
0
0
0
0
0
0
0
0
0
0
0
0
0
0
0
0
0
0
0
0
