567.5729
566.1749
567.5729
567.5729
566.1749
566.1749
566.1749
566.1749
566.1749
566.1749
567.5729
566.1749
566.1749
566.1749
566.1749
566.1749
566.1749
567.5729
566.1749
567.5729
566.1749
566.1749
566.1749
567.5729
567.5729
567.5729
567.5729
568.9709
568.9709
568.9709
568.9709
570.3688
570.3688
570.3688
570.3688
571.7668
570.3688
571.7668
571.7668
571.7668
571.7668
573.1648
574.5627
574.5627
574.5627
575.9607
574.5627
575.9607
577.3586
577.3586
577.3586
578.7566
578.7566
580.1546
580.1546
581.5525
581.5525
581.5525
581.5525
582.9505
582.9505
584.3485
584.3485
584.3485
585.7464
585.7464
585.7464
587.1444
587.1444
587.1444
588.5423
587.1444
588.5423
588.5423
588.5423
588.5423
588.5423
588.5423
589.9403
589.9403
589.9403
589.9403
589.9403
589.9403
589.9403
589.9403
589.9403
589.9403
588.5423
589.9403
589.9403
589.9403
589.9403
589.9403
589.9403
589.9403
588.5423
588.5423
587.1444
588.5423
587.1444
588.5423
587.1444
587.1444
587.1444
585.7464
587.1444
585.7464
585.7464
585.7464
585.7464
584.3485
584.3485
584.3485
584.3485
584.3485
582.9505
582.9505
582.9505
582.9505
582.9505
581.5525
582.9505
581.5525
581.5525
581.5525
581.5525
581.5525
581.5525
582.9505
581.5525
581.5525
581.5525
581.5525
581.5525
582.9505
582.9505
582.9505
582.9505
581.5525
582.9505
582.9505
584.3485
582.9505
584.3485
584.3485
584.3485
584.3485
585.7464
585.7464
585.7464
585.7464
587.1444
587.1444
587.1444
588.5423
587.1444
588.5423
588.5423
588.5423
589.9403
589.9403
589.9403
591.3383
589.9403
591.3383
591.3383
591.3383
592.7362
592.7362
592.7362
592.7362
592.7362
592.7362
592.7362
592.7362
592.7362
592.7362
592.7362
594.1342
592.7362
592.7362
592.7362
594.1342
594.1342
594.1342
592.7362
594.1342
592.7362
594.1342
592.7362
594.1342
592.7362
592.7362
592.7362
592.7362
592.7362
591.3383
592.7362
591.3383
591.3383
591.3383
591.3383
589.9403
591.3383
591.3383
591.3383
591.3383
589.9403
589.9403
589.9403
588.5423
588.5423
589.9403
588.5423
588.5423
589.9403
588.5423
588.5423
588.5423
588.5423
588.5423
588.5423
588.5423
588.5423
588.5423
588.5423
588.5423
588.5423
588.5423
588.5423
588.5423
588.5423
588.5423
588.5423
588.5423
588.5423
588.5423
588.5423
588.5423
588.5423
588.5423
588.5423
589.9403
589.9403
588.5423
589.9403
588.5423
589.9403
589.9403
589.9403
589.9403
589.9403
589.9403
589.9403
589.9403
591.3383
589.9403
589.9403
591.3383
589.9403
591.3383
591.3383
591.3383
591.3383
591.3383
591.3383
591.3383
591.3383
591.3383
591.3383
592.7362
591.3383
591.3383
591.3383
592.7362
592.7362
591.3383
591.3383
592.7362
591.3383
591.3383
591.3383
592.7362
591.3383
591.3383
589.9403
591.3383
591.3383
591.3383
591.3383
591.3383
589.9403
591.3383
591.3383
589.9403
589.9403
589.9403
589.9403
589.9403
589.9403
589.9403
589.9403
588.5423
589.9403
588.5423
589.9403
588.5423
588.5423
589.9403
589.9403
588.5423
588.5423
587.1444
588.5423
588.5423
588.5423
587.1444
587.1444
587.1444
587.1444
587.1444
588.5423
587.1444
587.1444
587.1444
587.1444
587.1444
587.1444
587.1444
587.1444
587.1444
587.1444
587.1444
587.1444
587.1444
585.7464
587.1444
587.1444
587.1444
587.1444
587.1444
587.1444
587.1444
587.1444
587.1444
587.1444
587.1444
587.1444
588.5423
587.1444
587.1444
587.1444
587.1444
587.1444
587.1444
587.1444
587.1444
587.1444
587.1444
587.1444
587.1444
588.5423
587.1444
588.5423
587.1444
587.1444
587.1444
587.1444
587.1444
588.5423
588.5423
587.1444
587.1444
587.1444
587.1444
587.1444
587.1444
587.1444
587.1444
587.1444
587.1444
587.1444
587.1444
587.1444
587.1444
587.1444
587.1444
587.1444
587.1444
587.1444
585.7464
585.7464
585.7464
585.7464
585.7464
585.7464
585.7464
585.7464
585.7464
585.7464
585.7464
585.7464
585.7464
585.7464
584.3485
585.7464
584.3485
584.3485
585.7464
584.3485
584.3485
585.7464
584.3485
584.3485
585.7464
584.3485
584.3485
585.7464
585.7464
584.3485
585.7464
584.3485
584.3485
584.3485
585.7464
584.3485
585.7464
584.3485
585.7464
584.3485
584.3485
584.3485
585.7464
585.7464
585.7464
585.7464
585.7464
584.3485
584.3485
585.7464
585.7464
584.3485
585.7464
584.3485
584.3485
585.7464
584.3485
584.3485
585.7464
584.3485
584.3485
585.7464
585.7464
584.3485
585.7464
584.3485
584.3485
585.7464
584.3485
585.7464
584.3485
584.3485
584.3485
584.3485
584.3485
584.3485
585.7464
585.7464
584.3485
585.7464
584.3485
584.3485
584.3485
584.3485
584.3485
584.3485
585.7464
584.3485
584.3485
584.3485
585.7464
584.3485
585.7464
584.3485
584.3485
584.3485
584.3485
585.7464
585.7464
584.3485
585.7464
584.3485
584.3485
584.3485
585.7464
584.3485
584.3485
584.3485
585.7464
584.3485
584.3485
584.3485
584.3485
584.3485
584.3485
584.3485
584.3485
584.3485
584.3485
584.3485
584.3485
584.3485
584.3485
584.3485
584.3485
584.3485
584.3485
584.3485
582.9505
584.3485
584.3485
582.9505
582.9505
582.9505
584.3485
582.9505
582.9505
582.9505
582.9505
582.9505
582.9505
582.9505
582.9505
582.9505
582.9505
582.9505
582.9505
582.9505
582.9505
582.9505
582.9505
582.9505
582.9505
582.9505
582.9505
582.9505
584.3485
584.3485
582.9505
582.9505
582.9505
582.9505
582.9505
582.9505
582.9505
584.3485
582.9505
584.3485
584.3485
584.3485
584.3485
584.3485
584.3485
582.9505
582.9505
582.9505
584.3485
582.9505
584.3485
584.3485
582.9505
584.3485
582.9505
582.9505
584.3485
584.3485
582.9505
582.9505
582.9505
582.9505
584.3485
582.9505
582.9505
582.9505
584.3485
584.3485
584.3485
584.3485
584.3485
584.3485
584.3485
584.3485
584.3485
584.3485
582.9505
585.7464
584.3485
584.3485
584.3485
584.3485
584.3485
584.3485
584.3485
584.3485
584.3485
584.3485
584.3485
584.3485
584.3485
584.3485
584.3485
584.3485
584.3485
584.3485
584.3485
584.3485
582.9505
584.3485
584.3485
584.3485
584.3485
584.3485
584.3485
584.3485
584.3485
585.7464
585.7464
584.3485
584.3485
584.3485
584.3485
584.3485
584.3485
584.3485
584.3485
584.3485
584.3485
584.3485
584.3485
584.3485
582.9505
584.3485
584.3485
582.9505
584.3485
582.9505
584.3485
584.3485
584.3485
584.3485
582.9505
584.3485
582.9505
582.9505
584.3485
584.3485
584.3485
584.3485
584.3485
582.9505
584.3485
584.3485
584.3485
584.3485
584.3485
584.3485
584.3485
585.7464
584.3485
584.3485
584.3485
584.3485
584.3485
584.3485
584.3485
584.3485
584.3485
584.3485
584.3485
584.3485
584.3485
584.3485
584.3485
584.3485
584.3485
584.3485
584.3485
584.3485
585.7464
585.7464
585.7464
585.7464
584.3485
585.7464
584.3485
584.3485
585.7464
585.7464
585.7464
585.7464
585.7464
585.7464
585.7464
584.3485
584.3485
585.7464
585.7464
585.7464
585.7464
585.7464
585.7464
585.7464
585.7464
585.7464
585.7464
585.7464
585.7464
585.7464
585.7464
585.7464
587.1444
585.7464
585.7464
585.7464
585.7464
585.7464
585.7464
585.7464
585.7464
585.7464
585.7464
585.7464
585.7464
585.7464
585.7464
585.7464
585.7464
584.3485
585.7464
585.7464
585.7464
585.7464
585.7464
585.7464
585.7464
584.3485
585.7464
584.3485
584.3485
585.7464
584.3485
584.3485
584.3485
584.3485
584.3485
585.7464
584.3485
584.3485
584.3485
584.3485
584.3485
584.3485
582.9505
582.9505
582.9505
584.3485
584.3485
584.3485
582.9505
584.3485
582.9505
582.9505
584.3485
582.9505
582.9505
584.3485
582.9505
582.9505
582.9505
582.9505
582.9505
581.5525
582.9505
582.9505
581.5525
582.9505
582.9505
581.5525
581.5525
582.9505
581.5525
581.5525
581.5525
581.5525
582.9505
581.5525
581.5525
582.9505
581.5525
581.5525
582.9505
581.5525
581.5525
581.5525
581.5525
581.5525
581.5525
581.5525
581.5525
581.5525
581.5525
581.5525
581.5525
582.9505
582.9505
581.5525
581.5525
581.5525
581.5525
581.5525
581.5525
581.5525
581.5525
582.9505
581.5525
581.5525
581.5525
582.9505
582.9505
581.5525
582.9505
582.9505
582.9505
582.9505
582.9505
582.9505
582.9505
582.9505
582.9505
582.9505
582.9505
582.9505
582.9505
582.9505
582.9505
582.9505
582.9505
582.9505
582.9505
582.9505
582.9505
582.9505
584.3485
584.3485
582.9505
582.9505
582.9505
582.9505
582.9505
584.3485
584.3485
584.3485
582.9505
582.9505
584.3485
584.3485
584.3485
584.3485
582.9505
584.3485
584.3485
584.3485
584.3485
584.3485
584.3485
584.3485
584.3485
584.3485
584.3485
584.3485
584.3485
584.3485
584.3485
582.9505
584.3485
584.3485
584.3485
584.3485
584.3485
585.7464
584.3485
584.3485
584.3485
584.3485
584.3485
584.3485
584.3485
584.3485
584.3485
584.3485
584.3485
584.3485
584.3485
584.3485
584.3485
584.3485
584.3485
584.3485
584.3485
582.9505
584.3485
582.9505
584.3485
584.3485
584.3485
584.3485
584.3485
584.3485
582.9505
584.3485
584.3485
584.3485
584.3485
584.3485
584.3485
584.3485
582.9505
584.3485
584.3485
584.3485
584.3485
584.3485
584.3485
584.3485
584.3485
584.3485
584.3485
584.3485
584.3485
584.3485
584.3485
585.7464
585.7464
584.3485
585.7464
584.3485
584.3485
584.3485
585.7464
584.3485
584.3485
584.3485
585.7464
585.7464
584.3485
585.7464
585.7464
584.3485
584.3485
585.7464
585.7464
584.3485
585.7464
584.3485
585.7464
585.7464
584.3485
585.7464
584.3485
584.3485
585.7464
585.7464
584.3485
584.3485
584.3485
584.3485
584.3485
585.7464
584.3485
585.7464
584.3485
584.3485
584.3485
585.7464
584.3485
584.3485
584.3485
585.7464
584.3485
584.3485
584.3485
584.3485
585.7464
584.3485
584.3485
584.3485
585.7464
584.3485
584.3485
585.7464
584.3485
585.7464
585.7464
585.7464
585.7464
585.7464
584.3485
585.7464
585.7464
585.7464
585.7464
585.7464
585.7464
585.7464
585.7464
585.7464
585.7464
585.7464
585.7464
585.7464
585.7464
585.7464
585.7464
585.7464
585.7464
585.7464
587.1444
585.7464
585.7464
585.7464
585.7464
584.3485
585.7464
585.7464
585.7464
585.7464
585.7464
585.7464
585.7464
584.3485
585.7464
585.7464
585.7464
585.7464
584.3485
585.7464
585.7464
585.7464
585.7464
585.7464
584.3485
585.7464
584.3485
584.3485
584.3485
584.3485
584.3485
584.3485
584.3485
584.3485
584.3485
584.3485
585.7464
585.7464
584.3485
584.3485
585.7464
584.3485
584.3485
584.3485
584.3485
584.3485
584.3485
584.3485
584.3485
584.3485
584.3485
584.3485
584.3485
584.3485
584.3485
584.3485
584.3485
584.3485
584.3485
584.3485
584.3485
584.3485
584.3485
584.3485
584.3485
584.3485
584.3485
584.3485
582.9505
584.3485
584.3485
584.3485
584.3485
584.3485
584.3485
584.3485
584.3485
584.3485
584.3485
584.3485
584.3485
584.3485
582.9505
582.9505
584.3485
582.9505
584.3485
582.9505
582.9505
582.9505
582.9505
582.9505
582.9505
582.9505
582.9505
582.9505
582.9505
582.9505
582.9505
584.3485
582.9505
582.9505
582.9505
584.3485
582.9505
584.3485
582.9505
584.3485
582.9505
582.9505
582.9505
582.9505
582.9505
582.9505
582.9505
582.9505
582.9505
582.9505
582.9505
582.9505
584.3485
582.9505
582.9505
584.3485
582.9505
584.3485
584.3485
584.3485
582.9505
584.3485
582.9505
584.3485
582.9505
584.3485
584.3485
584.3485
582.9505
582.9505
584.3485
584.3485
584.3485
584.3485
584.3485
584.3485
582.9505
584.3485
584.3485
584.3485
584.3485
584.3485
584.3485
584.3485
584.3485
582.9505
584.3485
582.9505
584.3485
584.3485
584.3485
584.3485
584.3485
584.3485
584.3485
584.3485
584.3485
584.3485
584.3485
584.3485
584.3485
582.9505
584.3485
584.3485
584.3485
584.3485
584.3485
584.3485
584.3485
584.3485
584.3485
584.3485
584.3485
584.3485
584.3485
584.3485
584.3485
582.9505
584.3485
584.3485
582.9505
582.9505
584.3485
582.9505
584.3485
584.3485
584.3485
584.3485
584.3485
584.3485
584.3485
582.9505
584.3485
584.3485
584.3485
584.3485
584.3485
584.3485
584.3485
584.3485
584.3485
584.3485
582.9505
584.3485
584.3485
584.3485
584.3485
584.3485
584.3485
584.3485
584.3485
584.3485
584.3485
584.3485
584.3485
582.9505
585.7464
584.3485
584.3485
582.9505
585.7464
584.3485
584.3485
582.9505
584.3485
584.3485
584.3485
584.3485
584.3485
584.3485
582.9505
584.3485
582.9505
584.3485
584.3485
584.3485
584.3485
584.3485
584.3485
584.3485
584.3485
584.3485
584.3485
584.3485
582.9505
584.3485
584.3485
584.3485
584.3485
584.3485
584.3485
584.3485
584.3485
584.3485
584.3485
584.3485
584.3485
584.3485
584.3485
584.3485
584.3485
584.3485
584.3485
584.3485
584.3485
584.3485
584.3485
584.3485
584.3485
584.3485
584.3485
584.3485
585.7464
585.7464
584.3485
585.7464
584.3485
584.3485
585.7464
584.3485
585.7464
585.7464
584.3485
585.7464
585.7464
585.7464
585.7464
585.7464
585.7464
585.7464
585.7464
585.7464
585.7464
585.7464
587.1444
585.7464
585.7464
585.7464
585.7464
585.7464
587.1444
585.7464
585.7464
585.7464
585.7464
585.7464
585.7464
585.7464
587.1444
585.7464
587.1444
587.1444
587.1444
585.7464
585.7464
585.7464
585.7464
587.1444
587.1444
585.7464
585.7464
587.1444
585.7464
585.7464
585.7464
587.1444
585.7464
585.7464
584.3485
585.7464
585.7464
585.7464
585.7464
585.7464
585.7464
585.7464
585.7464
585.7464
584.3485
585.7464
584.3485
584.3485
584.3485
584.3485
585.7464
584.3485
584.3485
585.7464
584.3485
584.3485
584.3485
584.3485
584.3485
584.3485
584.3485
584.3485
584.3485
584.3485
584.3485
584.3485
584.3485
584.3485
584.3485
584.3485
584.3485
584.3485
584.3485
584.3485
584.3485
582.9505
582.9505
582.9505
582.9505
584.3485
582.9505
582.9505
582.9505
582.9505
582.9505
582.9505
582.9505
582.9505
582.9505
582.9505
582.9505
582.9505
582.9505
584.3485
582.9505
582.9505
584.3485
582.9505
584.3485
582.9505
582.9505
584.3485
584.3485
584.3485
584.3485
584.3485
584.3485
582.9505
582.9505
584.3485
584.3485
582.9505
582.9505
582.9505
582.9505
582.9505
584.3485
582.9505
582.9505
584.3485
584.3485
584.3485
582.9505
584.3485
584.3485
584.3485
584.3485
584.3485
582.9505
584.3485
582.9505
584.3485
582.9505
582.9505
582.9505
584.3485
582.9505
584.3485
584.3485
584.3485
584.3485
584.3485
584.3485
584.3485
582.9505
582.9505
584.3485
582.9505
584.3485
582.9505
582.9505
582.9505
584.3485
584.3485
582.9505
582.9505
584.3485
584.3485
582.9505
584.3485
584.3485
582.9505
582.9505
584.3485
584.3485
582.9505
584.3485
582.9505
584.3485
582.9505
584.3485
584.3485
584.3485
584.3485
584.3485
584.3485
584.3485
584.3485
584.3485
584.3485
584.3485
584.3485
584.3485
584.3485
584.3485
584.3485
582.9505
584.3485
584.3485
584.3485
584.3485
584.3485
584.3485
584.3485
582.9505
584.3485
584.3485
584.3485
584.3485
584.3485
584.3485
584.3485
584.3485
584.3485
584.3485
584.3485
584.3485
584.3485
584.3485
584.3485
584.3485
584.3485
584.3485
584.3485
584.3485
584.3485
584.3485
584.3485
582.9505
584.3485
584.3485
584.3485
584.3485
584.3485
584.3485
582.9505
584.3485
582.9505
582.9505
582.9505
584.3485
584.3485
582.9505
584.3485
582.9505
582.9505
584.3485
584.3485
584.3485
584.3485
584.3485
584.3485
584.3485
584.3485
584.3485
584.3485
584.3485
584.3485
584.3485
585.7464
584.3485
585.7464
584.3485
584.3485
584.3485
584.3485
584.3485
584.3485
585.7464
584.3485
584.3485
585.7464
584.3485
584.3485
585.7464
585.7464
585.7464
585.7464
585.7464
585.7464
585.7464
584.3485
585.7464
585.7464
585.7464
585.7464
585.7464
585.7464
585.7464
585.7464
585.7464
584.3485
585.7464
585.7464
585.7464
585.7464
585.7464
585.7464
585.7464
585.7464
585.7464
585.7464
585.7464
585.7464
585.7464
584.3485
585.7464
585.7464
585.7464
584.3485
585.7464
585.7464
585.7464
585.7464
585.7464
585.7464
585.7464
585.7464
585.7464
585.7464
584.3485
585.7464
585.7464
585.7464
585.7464
585.7464
585.7464
585.7464
585.7464
584.3485
585.7464
585.7464
585.7464
585.7464
585.7464
584.3485
585.7464
585.7464
585.7464
585.7464
585.7464
585.7464
585.7464
584.3485
584.3485
585.7464
585.7464
585.7464
585.7464
585.7464
585.7464
585.7464
585.7464
584.3485
585.7464
585.7464
585.7464
585.7464
585.7464
585.7464
585.7464
585.7464
584.3485
584.3485
585.7464
584.3485
584.3485
585.7464
584.3485
585.7464
584.3485
584.3485
584.3485
584.3485
585.7464
584.3485
584.3485
584.3485
584.3485
585.7464
584.3485
584.3485
584.3485
584.3485
584.3485
584.3485
584.3485
584.3485
584.3485
584.3485
584.3485
585.7464
584.3485
584.3485
584.3485
584.3485
582.9505
584.3485
584.3485
584.3485
584.3485
584.3485
584.3485
584.3485
584.3485
584.3485
584.3485
584.3485
584.3485
582.9505
584.3485
584.3485
582.9505
584.3485
582.9505
582.9505
584.3485
582.9505
584.3485
584.3485
584.3485
582.9505
584.3485
582.9505
584.3485
582.9505
584.3485
582.9505
582.9505
582.9505
582.9505
582.9505
582.9505
584.3485
584.3485
582.9505
584.3485
584.3485
584.3485
582.9505
584.3485
582.9505
582.9505
582.9505
582.9505
584.3485
584.3485
584.3485
584.3485
582.9505
584.3485
584.3485
584.3485
584.3485
584.3485
584.3485
584.3485
584.3485
584.3485
584.3485
582.9505
584.3485
584.3485
584.3485
584.3485
584.3485
584.3485
582.9505
584.3485
582.9505
584.3485
584.3485
582.9505
584.3485
584.3485
584.3485
582.9505
584.3485
584.3485
584.3485
584.3485
584.3485
584.3485
584.3485
584.3485
584.3485
584.3485
585.7464
584.3485
582.9505
584.3485
584.3485
584.3485
584.3485
584.3485
582.9505
584.3485
584.3485
582.9505
584.3485
584.3485
582.9505
582.9505
582.9505
584.3485
582.9505
582.9505
582.9505
582.9505
582.9505
582.9505
582.9505
582.9505
582.9505
582.9505
582.9505
582.9505
582.9505
582.9505
582.9505
582.9505
582.9505
582.9505
582.9505
582.9505
581.5525
581.5525
582.9505
582.9505
581.5525
582.9505
582.9505
582.9505
582.9505
582.9505
582.9505
581.5525
581.5525
582.9505
582.9505
582.9505
582.9505
582.9505
582.9505
582.9505
582.9505
582.9505
582.9505
581.5525
582.9505
582.9505
582.9505
581.5525
581.5525
582.9505
582.9505
582.9505
582.9505
582.9505
582.9505
582.9505
582.9505
582.9505
582.9505
582.9505
582.9505
582.9505
582.9505
582.9505
582.9505
582.9505
582.9505
582.9505
582.9505
582.9505
582.9505
584.3485
582.9505
582.9505
582.9505
582.9505
582.9505
582.9505
582.9505
582.9505
584.3485
584.3485
582.9505
582.9505
582.9505
582.9505
584.3485
584.3485
584.3485
584.3485
584.3485
584.3485
584.3485
585.7464
584.3485
585.7464
584.3485
585.7464
584.3485
585.7464
585.7464
584.3485
585.7464
585.7464
585.7464
585.7464
585.7464
587.1444
587.1444
587.1444
587.1444
587.1444
587.1444
587.1444
585.7464
587.1444
587.1444
587.1444
587.1444
587.1444
585.7464
587.1444
587.1444
587.1444
587.1444
588.5423
587.1444
587.1444
587.1444
587.1444
587.1444
587.1444
587.1444
587.1444
587.1444
587.1444
587.1444
587.1444
587.1444
587.1444
587.1444
587.1444
587.1444
587.1444
587.1444
585.7464
587.1444
587.1444
587.1444
585.7464
585.7464
587.1444
585.7464
585.7464
587.1444
585.7464
587.1444
585.7464
587.1444
585.7464
585.7464
585.7464
585.7464
585.7464
585.7464
585.7464
585.7464
585.7464
585.7464
585.7464
585.7464
585.7464
585.7464
585.7464
585.7464
585.7464
585.7464
585.7464
585.7464
585.7464
584.3485
585.7464
585.7464
584.3485
585.7464
585.7464
584.3485
585.7464
584.3485
584.3485
585.7464
584.3485
584.3485
584.3485
584.3485
584.3485
584.3485
585.7464
584.3485
584.3485
584.3485
584.3485
584.3485
584.3485
584.3485
584.3485
584.3485
584.3485
584.3485
582.9505
584.3485
584.3485
582.9505
584.3485
582.9505
582.9505
584.3485
582.9505
584.3485
582.9505
582.9505
584.3485
584.3485
582.9505
584.3485
584.3485
582.9505
584.3485
582.9505
582.9505
584.3485
582.9505
584.3485
582.9505
582.9505
584.3485
582.9505
582.9505
584.3485
584.3485
584.3485
582.9505
584.3485
582.9505
582.9505
584.3485
584.3485
584.3485
582.9505
582.9505
584.3485
582.9505
582.9505
582.9505
584.3485
582.9505
582.9505
582.9505
584.3485
582.9505
584.3485
584.3485
584.3485
584.3485
584.3485
584.3485
584.3485
584.3485
582.9505
582.9505
582.9505
584.3485
582.9505
584.3485
582.9505
584.3485
584.3485
584.3485
584.3485
582.9505
582.9505
582.9505
584.3485
584.3485
584.3485
582.9505
584.3485
584.3485
582.9505
584.3485
584.3485
584.3485
582.9505
582.9505
582.9505
582.9505
582.9505
582.9505
584.3485
582.9505
584.3485
582.9505
582.9505
582.9505
582.9505
582.9505
582.9505
582.9505
582.9505
582.9505
582.9505
582.9505
584.3485
582.9505
582.9505
582.9505
582.9505
582.9505
582.9505
584.3485
584.3485
582.9505
584.3485
584.3485
582.9505
584.3485
584.3485
584.3485
584.3485
584.3485
582.9505
584.3485
584.3485
584.3485
584.3485
584.3485
582.9505
584.3485
584.3485
584.3485
584.3485
584.3485
584.3485
584.3485
584.3485
584.3485
584.3485
584.3485
585.7464
584.3485
584.3485
585.7464
584.3485
584.3485
585.7464
585.7464
585.7464
584.3485
585.7464
585.7464
585.7464
585.7464
585.7464
585.7464
585.7464
585.7464
585.7464
585.7464
585.7464
585.7464
585.7464
585.7464
587.1444
585.7464
585.7464
585.7464
587.1444
585.7464
587.1444
585.7464
585.7464
585.7464
587.1444
587.1444
587.1444
587.1444
587.1444
587.1444
587.1444
587.1444
587.1444
587.1444
587.1444
588.5423
587.1444
588.5423
587.1444
588.5423
588.5423
588.5423
588.5423
587.1444
588.5423
588.5423
588.5423
588.5423
588.5423
588.5423
588.5423
588.5423
588.5423
588.5423
588.5423
588.5423
588.5423
588.5423
588.5423
588.5423
588.5423
588.5423
588.5423
589.9403
588.5423
588.5423
588.5423
588.5423
588.5423
589.9403
589.9403
588.5423
589.9403
588.5423
588.5423
588.5423
589.9403
588.5423
589.9403
588.5423
588.5423
588.5423
589.9403
588.5423
588.5423
588.5423
588.5423
588.5423
588.5423
588.5423
588.5423
588.5423
588.5423
588.5423
588.5423
588.5423
588.5423
588.5423
588.5423
587.1444
588.5423
587.1444
587.1444
587.1444
588.5423
587.1444
587.1444
587.1444
587.1444
587.1444
587.1444
587.1444
587.1444
587.1444
587.1444
585.7464
585.7464
587.1444
585.7464
587.1444
587.1444
585.7464
585.7464
585.7464
587.1444
585.7464
587.1444
585.7464
587.1444
585.7464
585.7464
584.3485
585.7464
585.7464
585.7464
585.7464
585.7464
585.7464
585.7464
584.3485
584.3485
584.3485
585.7464
584.3485
585.7464
584.3485
584.3485
584.3485
584.3485
585.7464
584.3485
584.3485
584.3485
584.3485
584.3485
584.3485
584.3485
584.3485
584.3485
584.3485
584.3485
584.3485
584.3485
584.3485
584.3485
584.3485
584.3485
584.3485
584.3485
584.3485
584.3485
585.7464
584.3485
584.3485
585.7464
585.7464
585.7464
584.3485
584.3485
584.3485
584.3485
584.3485
585.7464
585.7464
585.7464
584.3485
584.3485
584.3485
585.7464
585.7464
585.7464
585.7464
585.7464
585.7464
585.7464
585.7464
585.7464
584.3485
584.3485
585.7464
585.7464
585.7464
584.3485
585.7464
584.3485
584.3485
585.7464
585.7464
585.7464
584.3485
584.3485
585.7464
585.7464
585.7464
585.7464
585.7464
585.7464
585.7464
585.7464
585.7464
585.7464
585.7464
585.7464
585.7464
585.7464
584.3485
585.7464
585.7464
584.3485
585.7464
584.3485
585.7464
585.7464
585.7464
585.7464
585.7464
585.7464
585.7464
585.7464
585.7464
584.3485
585.7464
585.7464
585.7464
585.7464
585.7464
585.7464
587.1444
585.7464
585.7464
585.7464
585.7464
585.7464
585.7464
585.7464
584.3485
584.3485
584.3485
585.7464
585.7464
585.7464
584.3485
584.3485
585.7464
584.3485
585.7464
584.3485
584.3485
584.3485
585.7464
584.3485
584.3485
584.3485
584.3485
584.3485
584.3485
584.3485
584.3485
584.3485
584.3485
584.3485
584.3485
584.3485
584.3485
584.3485
584.3485
584.3485
584.3485
584.3485
584.3485
585.7464
584.3485
584.3485
584.3485
584.3485
584.3485
584.3485
584.3485
584.3485
584.3485
584.3485
584.3485
584.3485
584.3485
584.3485
584.3485
584.3485
584.3485
584.3485
584.3485
584.3485
584.3485
584.3485
584.3485
584.3485
584.3485
584.3485
584.3485
584.3485
582.9505
584.3485
584.3485
584.3485
584.3485
584.3485
584.3485
584.3485
584.3485
584.3485
584.3485
584.3485
582.9505
584.3485
585.7464
584.3485
584.3485
584.3485
584.3485
584.3485
584.3485
584.3485
582.9505
584.3485
584.3485
584.3485
584.3485
584.3485
584.3485
584.3485
584.3485
584.3485
584.3485
584.3485
584.3485
585.7464
584.3485
584.3485
585.7464
584.3485
585.7464
585.7464
585.7464
584.3485
584.3485
584.3485
585.7464
584.3485
584.3485
585.7464
584.3485
584.3485
585.7464
585.7464
584.3485
585.7464
585.7464
585.7464
585.7464
585.7464
585.7464
585.7464
584.3485
585.7464
585.7464
585.7464
585.7464
584.3485
585.7464
585.7464
585.7464
585.7464
587.1444
585.7464
585.7464
585.7464
585.7464
585.7464
585.7464
585.7464
587.1444
585.7464
585.7464
585.7464
585.7464
585.7464
585.7464
585.7464
585.7464
585.7464
585.7464
585.7464
585.7464
584.3485
585.7464
584.3485
585.7464
585.7464
585.7464
584.3485
585.7464
584.3485
585.7464
584.3485
584.3485
585.7464
585.7464
584.3485
584.3485
584.3485
584.3485
584.3485
584.3485
582.9505
584.3485
584.3485
582.9505
584.3485
582.9505
584.3485
582.9505
582.9505
582.9505
584.3485
584.3485
582.9505
582.9505
582.9505
582.9505
582.9505
582.9505
582.9505
582.9505
582.9505
582.9505
581.5525
581.5525
582.9505
582.9505
582.9505
581.5525
582.9505
581.5525
582.9505
582.9505
582.9505
582.9505
582.9505
582.9505
582.9505
581.5525
582.9505
582.9505
582.9505
582.9505
582.9505
582.9505
582.9505
582.9505
582.9505
582.9505
582.9505
582.9505
582.9505
582.9505
582.9505
582.9505
582.9505
582.9505
582.9505
582.9505
582.9505
582.9505
582.9505
582.9505
582.9505
584.3485
582.9505
582.9505
582.9505
582.9505
584.3485
584.3485
582.9505
582.9505
584.3485
584.3485
584.3485
584.3485
584.3485
584.3485
584.3485
584.3485
584.3485
584.3485
584.3485
584.3485
584.3485
584.3485
584.3485
584.3485
584.3485
584.3485
584.3485
584.3485
584.3485
584.3485
584.3485
584.3485
584.3485
584.3485
584.3485
584.3485
584.3485
585.7464
584.3485
584.3485
584.3485
584.3485
585.7464
584.3485
584.3485
584.3485
585.7464
585.7464
585.7464
585.7464
585.7464
585.7464
585.7464
585.7464
585.7464
585.7464
585.7464
585.7464
585.7464
587.1444
585.7464
587.1444
587.1444
585.7464
587.1444
587.1444
587.1444
587.1444
588.5423
587.1444
587.1444
587.1444
588.5423
587.1444
588.5423
588.5423
588.5423
588.5423
587.1444
587.1444
588.5423
587.1444
587.1444
588.5423
588.5423
588.5423
588.5423
588.5423
588.5423
587.1444
588.5423
588.5423
588.5423
588.5423
588.5423
588.5423
588.5423
588.5423
588.5423
588.5423
588.5423
588.5423
588.5423
588.5423
589.9403
587.1444
588.5423
588.5423
588.5423
588.5423
589.9403
589.9403
588.5423
588.5423
588.5423
588.5423
589.9403
588.5423
589.9403
588.5423
588.5423
588.5423
588.5423
589.9403
588.5423
588.5423
588.5423
589.9403
588.5423
588.5423
589.9403
589.9403
589.9403
589.9403
589.9403
589.9403
589.9403
589.9403
589.9403
589.9403
588.5423
589.9403
589.9403
589.9403
589.9403
589.9403
589.9403
589.9403
591.3383
591.3383
591.3383
591.3383
589.9403
591.3383
591.3383
591.3383
591.3383
591.3383
591.3383
591.3383
589.9403
591.3383
591.3383
591.3383
591.3383
591.3383
591.3383
591.3383
589.9403
591.3383
591.3383
589.9403
592.7362
591.3383
591.3383
592.7362
591.3383
591.3383
591.3383
591.3383
591.3383
591.3383
591.3383
591.3383
591.3383
591.3383
591.3383
591.3383
591.3383
591.3383
591.3383
591.3383
591.3383
592.7362
591.3383
591.3383
591.3383
591.3383
591.3383
591.3383
591.3383
591.3383
591.3383
591.3383
589.9403
591.3383
591.3383
589.9403
591.3383
589.9403
589.9403
591.3383
589.9403
589.9403
589.9403
589.9403
589.9403
589.9403
589.9403
589.9403
588.5423
588.5423
588.5423
588.5423
589.9403
588.5423
588.5423
588.5423
588.5423
588.5423
588.5423
587.1444
587.1444
588.5423
587.1444
587.1444
587.1444
587.1444
587.1444
587.1444
587.1444
587.1444
587.1444
587.1444
585.7464
585.7464
587.1444
587.1444
587.1444
585.7464
585.7464
585.7464
585.7464
585.7464
585.7464
585.7464
585.7464
585.7464
584.3485
584.3485
585.7464
584.3485
585.7464
584.3485
585.7464
584.3485
584.3485
584.3485
584.3485
584.3485
584.3485
584.3485
585.7464
584.3485
584.3485
584.3485
584.3485
584.3485
584.3485
584.3485
584.3485
584.3485
584.3485
582.9505
584.3485
584.3485
584.3485
584.3485
584.3485
584.3485
582.9505
584.3485
584.3485
584.3485
584.3485
584.3485
584.3485
584.3485
584.3485
584.3485
582.9505
584.3485
584.3485
584.3485
584.3485
584.3485
584.3485
584.3485
584.3485
584.3485
584.3485
584.3485
584.3485
584.3485
584.3485
584.3485
584.3485
582.9505
584.3485
584.3485
584.3485
584.3485
584.3485
584.3485
584.3485
582.9505
584.3485
584.3485
584.3485
584.3485
582.9505
584.3485
584.3485
584.3485
584.3485
584.3485
584.3485
584.3485
584.3485
584.3485
584.3485
584.3485
584.3485
584.3485
584.3485
582.9505
584.3485
584.3485
584.3485
584.3485
584.3485
584.3485
584.3485
584.3485
584.3485
584.3485
584.3485
584.3485
582.9505
582.9505
582.9505
584.3485
582.9505
582.9505
582.9505
582.9505
582.9505
582.9505
582.9505
582.9505
582.9505
582.9505
582.9505
582.9505
582.9505
582.9505
582.9505
582.9505
582.9505
582.9505
582.9505
582.9505
582.9505
582.9505
582.9505
582.9505
581.5525
582.9505
581.5525
582.9505
581.5525
582.9505
582.9505
581.5525
582.9505
581.5525
582.9505
582.9505
581.5525
582.9505
582.9505
581.5525
581.5525
582.9505
582.9505
581.5525
582.9505
582.9505
582.9505
582.9505
581.5525
582.9505
582.9505
582.9505
582.9505
582.9505
582.9505
582.9505
582.9505
581.5525
582.9505
582.9505
582.9505
582.9505
582.9505
581.5525
582.9505
582.9505
582.9505
581.5525
582.9505
582.9505
581.5525
581.5525
582.9505
581.5525
582.9505
582.9505
582.9505
581.5525
581.5525
581.5525
582.9505
581.5525
581.5525
582.9505
581.5525
581.5525
581.5525
581.5525
582.9505
581.5525
581.5525
582.9505
581.5525
582.9505
581.5525
581.5525
581.5525
581.5525
582.9505
581.5525
582.9505
582.9505
581.5525
582.9505
581.5525
581.5525
581.5525
582.9505
582.9505
582.9505
581.5525
582.9505
581.5525
581.5525
582.9505
582.9505
581.5525
582.9505
582.9505
581.5525
582.9505
582.9505
582.9505
582.9505
582.9505
582.9505
582.9505
582.9505
582.9505
582.9505
582.9505
582.9505
582.9505
581.5525
582.9505
582.9505
582.9505
582.9505
582.9505
582.9505
582.9505
581.5525
582.9505
582.9505
582.9505
582.9505
582.9505
582.9505
582.9505
582.9505
584.3485
582.9505
582.9505
584.3485
582.9505
582.9505
582.9505
582.9505
582.9505
582.9505
582.9505
584.3485
582.9505
582.9505
584.3485
582.9505
582.9505
582.9505
582.9505
584.3485
582.9505
582.9505
582.9505
584.3485
582.9505
582.9505
582.9505
582.9505
582.9505
582.9505
582.9505
582.9505
582.9505
582.9505
581.5525
582.9505
581.5525
582.9505
581.5525
581.5525
581.5525
581.5525
581.5525
581.5525
581.5525
581.5525
580.1546
581.5525
581.5525
580.1546
581.5525
580.1546
580.1546
580.1546
580.1546
580.1546
580.1546
580.1546
580.1546
580.1546
578.7566
580.1546
578.7566
578.7566
578.7566
578.7566
578.7566
578.7566
577.3586
578.7566
577.3586
577.3586
577.3586
577.3586
577.3586
578.7566
577.3586
577.3586
577.3586
577.3586
577.3586
575.9607
577.3586
577.3586
575.9607
577.3586
577.3586
577.3586
577.3586
577.3586
575.9607
577.3586
577.3586
577.3586
577.3586
577.3586
577.3586
577.3586
578.7566
577.3586
577.3586
577.3586
577.3586
578.7566
578.7566
578.7566
578.7566
578.7566
578.7566
578.7566
578.7566
578.7566
578.7566
578.7566
578.7566
578.7566
578.7566
580.1546
580.1546
578.7566
578.7566
580.1546
578.7566
578.7566
580.1546
580.1546
580.1546
580.1546
578.7566
580.1546
580.1546
580.1546
580.1546
580.1546
580.1546
580.1546
581.5525
580.1546
580.1546
580.1546
580.1546
581.5525
580.1546
580.1546
580.1546
581.5525
580.1546
581.5525
580.1546
580.1546
581.5525
581.5525
581.5525
580.1546
580.1546
580.1546
581.5525
581.5525
580.1546
580.1546
580.1546
581.5525
581.5525
581.5525
581.5525
580.1546
581.5525
581.5525
581.5525
581.5525
580.1546
581.5525
581.5525
581.5525
581.5525
582.9505
581.5525
581.5525
581.5525
581.5525
581.5525
581.5525
581.5525
582.9505
581.5525
581.5525
581.5525
581.5525
581.5525
581.5525
582.9505
581.5525
582.9505
582.9505
581.5525
581.5525
581.5525
582.9505
582.9505
582.9505
582.9505
582.9505
582.9505
582.9505
582.9505
584.3485
582.9505
584.3485
582.9505
584.3485
582.9505
582.9505
584.3485
584.3485
584.3485
584.3485
584.3485
584.3485
584.3485
584.3485
584.3485
584.3485
584.3485
584.3485
584.3485
584.3485
584.3485
582.9505
582.9505
584.3485
584.3485
584.3485
582.9505
584.3485
584.3485
584.3485
582.9505
584.3485
582.9505
582.9505
582.9505
584.3485
582.9505
584.3485
582.9505
582.9505
582.9505
584.3485
584.3485
582.9505
582.9505
584.3485
584.3485
582.9505
584.3485
584.3485
582.9505
582.9505
582.9505
582.9505
582.9505
584.3485
584.3485
582.9505
582.9505
582.9505
582.9505
584.3485
582.9505
582.9505
582.9505
584.3485
582.9505
582.9505
582.9505
582.9505
582.9505
582.9505
582.9505
582.9505
582.9505
582.9505
582.9505
582.9505
582.9505
582.9505
582.9505
582.9505
582.9505
584.3485
584.3485
582.9505
582.9505
582.9505
581.5525
582.9505
582.9505
582.9505
582.9505
582.9505
582.9505
582.9505
582.9505
581.5525
582.9505
582.9505
582.9505
582.9505
582.9505
582.9505
582.9505
582.9505
582.9505
582.9505
582.9505
584.3485
582.9505
582.9505
584.3485
584.3485
582.9505
584.3485
584.3485
584.3485
584.3485
584.3485
584.3485
584.3485
584.3485
584.3485
584.3485
584.3485
584.3485
585.7464
584.3485
584.3485
584.3485
584.3485
584.3485
584.3485
585.7464
584.3485
585.7464
584.3485
587.1444
584.3485
585.7464
584.3485
584.3485
585.7464
585.7464
585.7464
584.3485
584.3485
585.7464
584.3485
584.3485
585.7464
585.7464
585.7464
585.7464
585.7464
585.7464
585.7464
585.7464
585.7464
585.7464
585.7464
585.7464
585.7464
585.7464
584.3485
585.7464
585.7464
585.7464
584.3485
584.3485
584.3485
585.7464
584.3485
585.7464
585.7464
584.3485
585.7464
584.3485
584.3485
584.3485
584.3485
585.7464
584.3485
584.3485
584.3485
585.7464
584.3485
584.3485
584.3485
584.3485
584.3485
584.3485
584.3485
584.3485
584.3485
584.3485
584.3485
584.3485
584.3485
584.3485
584.3485
584.3485
584.3485
584.3485
584.3485
584.3485
584.3485
584.3485
585.7464
584.3485
584.3485
584.3485
584.3485
584.3485
584.3485
584.3485
584.3485
584.3485
584.3485
582.9505
584.3485
584.3485
584.3485
584.3485
584.3485
584.3485
584.3485
584.3485
584.3485
584.3485
584.3485
584.3485
584.3485
584.3485
584.3485
584.3485
584.3485
585.7464
584.3485
585.7464
584.3485
584.3485
585.7464
584.3485
585.7464
585.7464
585.7464
584.3485
585.7464
585.7464
585.7464
585.7464
585.7464
585.7464
584.3485
585.7464
585.7464
585.7464
585.7464
584.3485
585.7464
584.3485
584.3485
584.3485
584.3485
584.3485
585.7464
585.7464
585.7464
585.7464
585.7464
584.3485
585.7464
584.3485
584.3485
584.3485
585.7464
584.3485
584.3485
585.7464
584.3485
584.3485
584.3485
584.3485
584.3485
585.7464
584.3485
584.3485
584.3485
584.3485
585.7464
584.3485
585.7464
585.7464
585.7464
585.7464
585.7464
585.7464
585.7464
585.7464
585.7464
585.7464
585.7464
585.7464
585.7464
585.7464
587.1444
585.7464
587.1444
587.1444
585.7464
587.1444
587.1444
587.1444
587.1444
587.1444
587.1444
587.1444
587.1444
587.1444
587.1444
587.1444
587.1444
587.1444
587.1444
587.1444
587.1444
587.1444
587.1444
587.1444
587.1444
587.1444
587.1444
587.1444
587.1444
587.1444
587.1444
585.7464
585.7464
585.7464
585.7464
585.7464
585.7464
585.7464
587.1444
585.7464
585.7464
585.7464
585.7464
585.7464
585.7464
587.1444
585.7464
585.7464
585.7464
584.3485
585.7464
584.3485
585.7464
585.7464
585.7464
585.7464
585.7464
585.7464
584.3485
585.7464
585.7464
585.7464
585.7464
585.7464
585.7464
585.7464
585.7464
585.7464
585.7464
585.7464
587.1444
585.7464
585.7464
585.7464
585.7464
584.3485
585.7464
584.3485
585.7464
585.7464
585.7464
585.7464
585.7464
585.7464
585.7464
584.3485
585.7464
585.7464
585.7464
585.7464
584.3485
585.7464
585.7464
584.3485
584.3485
585.7464
584.3485
584.3485
585.7464
584.3485
584.3485
584.3485
584.3485
584.3485
584.3485
584.3485
584.3485
584.3485
584.3485
584.3485
584.3485
585.7464
584.3485
584.3485
585.7464
584.3485
584.3485
584.3485
585.7464
585.7464
584.3485
585.7464
584.3485
584.3485
584.3485
584.3485
584.3485
584.3485
584.3485
584.3485
584.3485
584.3485
584.3485
584.3485
584.3485
584.3485
584.3485
584.3485
584.3485
584.3485
584.3485
584.3485
584.3485
584.3485
584.3485
584.3485
584.3485
582.9505
584.3485
582.9505
582.9505
582.9505
582.9505
582.9505
582.9505
582.9505
582.9505
581.5525
582.9505
582.9505
582.9505
582.9505
582.9505
582.9505
582.9505
581.5525
581.5525
582.9505
582.9505
581.5525
581.5525
581.5525
581.5525
581.5525
581.5525
581.5525
581.5525
581.5525
581.5525
581.5525
581.5525
581.5525
581.5525
581.5525
581.5525
581.5525
581.5525
581.5525
581.5525
581.5525
581.5525
582.9505
582.9505
582.9505
582.9505
582.9505
584.3485
582.9505
582.9505
582.9505
582.9505
582.9505
584.3485
584.3485
584.3485
584.3485
584.3485
584.3485
585.7464
584.3485
585.7464
584.3485
584.3485
584.3485
585.7464
585.7464
585.7464
585.7464
587.1444
585.7464
587.1444
587.1444
587.1444
587.1444
587.1444
587.1444
587.1444
587.1444
587.1444
587.1444
587.1444
587.1444
588.5423
588.5423
588.5423
588.5423
589.9403
588.5423
589.9403
588.5423
588.5423
588.5423
588.5423
588.5423
588.5423
588.5423
588.5423
588.5423
588.5423
588.5423
588.5423
588.5423
588.5423
588.5423
588.5423
588.5423
588.5423
588.5423
588.5423
588.5423
588.5423
587.1444
587.1444
587.1444
587.1444
587.1444
587.1444
587.1444
587.1444
585.7464
587.1444
587.1444
585.7464
585.7464
585.7464
585.7464
587.1444
585.7464
585.7464
585.7464
585.7464
585.7464
585.7464
584.3485
585.7464
584.3485
584.3485
584.3485
584.3485
584.3485
584.3485
584.3485
584.3485
584.3485
584.3485
584.3485
584.3485
582.9505
584.3485
584.3485
584.3485
582.9505
582.9505
582.9505
584.3485
582.9505
582.9505
582.9505
582.9505
582.9505
582.9505
582.9505
582.9505
582.9505
582.9505
582.9505
582.9505
582.9505
582.9505
582.9505
582.9505
582.9505
582.9505
582.9505
582.9505
582.9505
582.9505
582.9505
582.9505
582.9505
582.9505
582.9505
582.9505
582.9505
582.9505
582.9505
582.9505
582.9505
582.9505
582.9505
582.9505
582.9505
581.5525
582.9505
581.5525
582.9505
582.9505
582.9505
581.5525
581.5525
581.5525
582.9505
581.5525
581.5525
582.9505
581.5525
581.5525
582.9505
582.9505
582.9505
582.9505
581.5525
581.5525
582.9505
581.5525
582.9505
582.9505
582.9505
582.9505
582.9505
582.9505
582.9505
582.9505
582.9505
582.9505
582.9505
582.9505
582.9505
582.9505
582.9505
582.9505
581.5525
582.9505
582.9505
582.9505
582.9505
582.9505
582.9505
582.9505
582.9505
584.3485
584.3485
584.3485
584.3485
584.3485
584.3485
582.9505
584.3485
584.3485
584.3485
585.7464
584.3485
585.7464
584.3485
585.7464
584.3485
585.7464
587.1444
585.7464
585.7464
585.7464
585.7464
587.1444
585.7464
587.1444
585.7464
587.1444
585.7464
585.7464
587.1444
587.1444
587.1444
587.1444
587.1444
585.7464
587.1444
587.1444
587.1444
587.1444
587.1444
587.1444
587.1444
587.1444
587.1444
587.1444
587.1444
587.1444
587.1444
587.1444
587.1444
587.1444
587.1444
587.1444
585.7464
587.1444
587.1444
585.7464
585.7464
587.1444
585.7464
587.1444
587.1444
585.7464
585.7464
585.7464
585.7464
585.7464
585.7464
584.3485
584.3485
585.7464
585.7464
584.3485
584.3485
584.3485
584.3485
584.3485
584.3485
584.3485
582.9505
584.3485
582.9505
582.9505
582.9505
582.9505
582.9505
582.9505
582.9505
582.9505
582.9505
582.9505
582.9505
582.9505
582.9505
582.9505
582.9505
582.9505
582.9505
582.9505
582.9505
581.5525
582.9505
582.9505
582.9505
582.9505
582.9505
584.3485
582.9505
582.9505
584.3485
584.3485
582.9505
584.3485
584.3485
584.3485
584.3485
584.3485
584.3485
584.3485
584.3485
584.3485
584.3485
585.7464
584.3485
584.3485
584.3485
585.7464
585.7464
584.3485
585.7464
584.3485
585.7464
585.7464
585.7464
585.7464
585.7464
585.7464
585.7464
584.3485
584.3485
585.7464
585.7464
585.7464
585.7464
584.3485
585.7464
584.3485
585.7464
585.7464
584.3485
584.3485
584.3485
584.3485
584.3485
584.3485
584.3485
582.9505
584.3485
584.3485
584.3485
584.3485
584.3485
584.3485
584.3485
582.9505
582.9505
582.9505
582.9505
582.9505
582.9505
582.9505
581.5525
582.9505
582.9505
581.5525
581.5525
582.9505
581.5525
581.5525
581.5525
581.5525
581.5525
581.5525
580.1546
581.5525
581.5525
581.5525
581.5525
581.5525
581.5525
581.5525
581.5525
581.5525
581.5525
581.5525
581.5525
581.5525
581.5525
580.1546
581.5525
580.1546
581.5525
581.5525
581.5525
581.5525
581.5525
581.5525
581.5525
581.5525
582.9505
581.5525
581.5525
581.5525
581.5525
582.9505
582.9505
582.9505
582.9505
582.9505
582.9505
582.9505
582.9505
582.9505
582.9505
584.3485
582.9505
584.3485
584.3485
582.9505
584.3485
584.3485
584.3485
584.3485
584.3485
584.3485
584.3485
584.3485
584.3485
584.3485
584.3485
584.3485
584.3485
585.7464
584.3485
584.3485
584.3485
584.3485
584.3485
584.3485
584.3485
584.3485
584.3485
584.3485
584.3485
584.3485
585.7464
584.3485
584.3485
584.3485
584.3485
584.3485
584.3485
584.3485
584.3485
584.3485
584.3485
584.3485
584.3485
584.3485
582.9505
584.3485
584.3485
584.3485
582.9505
584.3485
584.3485
582.9505
584.3485
582.9505
582.9505
582.9505
582.9505
582.9505
582.9505
582.9505
582.9505
582.9505
582.9505
582.9505
582.9505
582.9505
582.9505
582.9505
582.9505
582.9505
582.9505
582.9505
582.9505
582.9505
582.9505
582.9505
582.9505
582.9505
581.5525
582.9505
582.9505
581.5525
581.5525
581.5525
581.5525
581.5525
581.5525
581.5525
582.9505
581.5525
581.5525
581.5525
581.5525
581.5525
581.5525
581.5525
580.1546
581.5525
581.5525
581.5525
581.5525
581.5525
580.1546
580.1546
580.1546
580.1546
580.1546
578.7566
578.7566
578.7566
578.7566
578.7566
578.7566
578.7566
577.3586
577.3586
577.3586
577.3586
575.9607
575.9607
575.9607
575.9607
574.5627
574.5627
573.1648
573.1648
573.1648
571.7668
571.7668
570.3688
570.3688
570.3688
568.9709
567.5729
566.1749
566.1749
564.777
564.777
563.379
561.9811
560.5831
559.1851
557.7872
557.7872
554.9912
554.9912
553.5933
552.1953
550.7973
549.3994
549.3994
546.6035
545.2055
543.8075
542.4096
541.0116
539.6136
538.2157
536.8177
535.4198
534.0218
532.6238
531.2259
529.8279
529.8279
528.4299
527.032
525.634
524.2361
522.8381
521.4401
521.4401
521.4401
518.6442
518.6442
517.2462
515.8483
514.4503
514.4503
513.0524
511.6544
510.2564
508.8585
508.8585
507.4605
507.4605
506.0625
504.6646
503.2666
503.2666
501.8687
501.8687
501.8687
499.0727
499.0727
497.6748
497.6748
496.2768
496.2768
494.8788
493.4809
492.0829
492.0829
490.6849
489.287
489.287
487.889
486.4911
485.0931
483.6951
483.6951
482.2972
480.8992
479.5012
478.1033
478.1033
476.7053
473.9094
473.9094
471.1135
469.7155
469.7155
466.9196
465.5216
464.1237
462.7257
461.3277
459.9298
457.1338
455.7359
454.3379
451.542
450.144
448.7461
445.9501
443.1542
441.7563
438.9603
437.5624
434.7664
433.3685
429.1746
427.7766
424.9807
423.5827
420.7868
417.9909
416.5929
413.797
411.0011
408.2051
406.8072
402.6133
401.2153
398.4194
395.6235
392.8276
390.0316
388.6337
385.8377
381.6438
380.2459
376.052
373.2561
370.4601
367.6642
364.8683
360.6744
357.8785
355.0826
352.2866
349.4907
346.6948
342.5009
339.705
335.5111
332.7152
331.3172
327.1233
324.3274
321.5314
318.7355
315.9396
313.1437
310.3477
307.5518
304.7559
303.3579
300.562
297.7661
294.9702
293.5722
290.7763
287.9803
286.5824
283.7865
282.3885
279.5926
279.5926
276.7966
275.3987
272.6027
271.2048
269.8068
268.4089
265.6129
264.215
262.817
261.419
260.0211
258.6231
255.8272
254.4292
254.4292
251.6333
250.2353
248.8374
247.4394
246.0415
244.6435
243.2455
241.8476
240.4496
239.0516
237.6537
236.2557
236.2557
234.8578
233.4598
232.0618
230.6639
230.6639
229.2659
229.2659
229.2659
227.8679
227.8679
226.47
226.47
226.47
226.47
226.47
226.47
225.072
225.072
225.072
225.072
226.47
226.47
226.47
226.47
227.8679
229.2659
229.2659
229.2659
230.6639
230.6639
232.0618
233.4598
234.8578
234.8578
236.2557
237.6537
239.0516
239.0516
240.4496
241.8476
241.8476
244.6435
244.6435
246.0415
247.4394
247.4394
250.2353
250.2353
251.6333
253.0313
253.0313
254.4292
255.8272
257.2252
258.6231
257.2252
258.6231
260.0211
260.0211
260.0211
261.419
261.419
262.817
264.215
264.215
265.6129
267.0109
268.4089
269.8068
271.2048
272.6027
274.0007
276.7966
278.1946
279.5926
280.9905
283.7865
285.1844
287.9803
289.3783
292.1742
294.9702
296.3681
299.164
300.562
303.3579
306.1539
307.5518
308.9498
311.7457
314.5416
315.9396
318.7355
321.5314
322.9294
324.3274
327.1233
328.5213
331.3172
334.1131
335.5111
338.307
339.705
342.5009
345.2968
345.2968
348.0927
349.4907
350.8887
353.6846
355.0826
356.4805
357.8785
360.6744
360.6744
362.0724
363.4703
364.8683
366.2663
367.6642
369.0622
370.4601
370.4601
373.2561
374.654
374.654
376.052
377.45
378.8479
380.2459
383.0418
385.8377
387.2357
390.0316
392.8276
395.6235
398.4194
401.2153
404.0113
408.2051
411.0011
415.195
419.3888
423.5827
427.7766
431.9705
437.5624
441.7563
447.3481
452.94
457.1338
461.3277
466.9196
472.5114
478.1033
482.2972
487.889
493.4809
497.6748
501.8687
507.4605
511.6544
515.8483
520.0422
524.2361
529.8279
532.6238
538.2157
541.0116
545.2055
549.3994
552.1953
554.9912
560.5831
563.379
566.1749
570.3688
573.1648
577.3586
580.1546
582.9505
587.1444
589.9403
594.1342
595.5322
599.726
603.9199
606.7159
609.5118
613.7057
616.5016
620.6955
623.4914
627.6853
631.8792
636.0731
640.267
644.4609
648.6547
652.8486
657.0425
661.2364
666.8283
672.4201
676.614
682.2059
686.3997
690.5936
696.1855
701.7773
707.3692
711.5631
715.757
719.9509
725.5427
728.3386
732.5325
738.1244
740.9203
745.1142
749.3081
752.104
756.2979
759.0938
761.8897
766.0836
770.2775
773.0734
775.8694
778.6653
782.8592
785.6551
787.0531
789.849
794.0429
795.4408
798.2368
799.6347
801.0327
803.8286
803.8286
806.6245
808.0225
809.4205
809.4205
810.8184
810.8184
812.2164
812.2164
813.6144
815.0123
816.4103
815.0123
817.8082
819.2062
819.2062
820.6042
822.0021
823.4001
824.7981
826.196
828.992
830.3899
833.1858
833.1858
837.3797
838.7777
840.1757
842.9716
844.3695
845.7675
848.5634
848.5634
849.9614
851.3594
852.7573
854.1553
855.5532
856.9512
856.9512
858.3492
859.7471
861.1451
862.5431
863.941
865.339
866.7369
868.1349
869.5329
872.3288
873.7268
876.5227
877.9206
882.1145
883.5125
886.3084
889.1044
893.2982
896.0942
898.8901
901.686
905.8799
908.6758
912.8697
914.2677
917.0636
921.2575
924.0534
926.8493
929.6453
932.4412
935.2371
938.0331
939.431
942.2269
945.0229
947.8188
949.2168
952.0127
956.2066
957.6045
960.4005
963.1964
967.3903
970.1862
972.9821
977.176
979.9719
982.7679
986.9617
989.7577
992.5536
996.7475
999.5434
1002.3393
1006.5332
1009.3292
1012.1251
1014.921
1019.1149
1020.5129
1024.7067
1027.5027
1030.2986
1033.0945
1034.4925
1037.2884
1040.0843
1042.8803
1044.2782
1045.6762
1048.4721
1051.268
1054.064
1055.4619
1058.2579
1059.6558
1061.0538
1063.8497
1066.6456
1069.4416
1070.8395
1073.6354
1075.0334
1076.4314
1079.2273
1082.0232
1083.4212
1084.8191
1087.6151
1089.013
1090.411
1093.2069
1094.6049
1097.4008
1097.4008
1100.1967
1101.5947
1102.9927
1105.7886
1105.7886
1107.1866
1109.9825
1111.3804
1111.3804
1112.7784
1114.1764
1115.5743
1116.9723
1116.9723
1118.3703
1119.7682
1119.7682
1121.1662
1122.5641
1123.9621
1125.3601
1126.758
1126.758
1128.156
1129.554
1129.554
1130.9519
1132.3499
1133.7478
1133.7478
1135.1458
1136.5438
1136.5438
1136.5438
1137.9417
1137.9417
1139.3397
1139.3397
1140.7377
1140.7377
1142.1356
1142.1356
1142.1356
1143.5336
1144.9315
1146.3295
1147.7275
1147.7275
1149.1254
1150.5234
1151.9214
1153.3193
1153.3193
1156.1152
1156.1152
1157.5132
1160.3091
1161.7071
1163.1051
1164.503
1165.901
1167.299
1168.6969
1170.0949
1172.8908
1174.2888
1177.0847
1178.4827
1181.2786
1182.6765
1185.4725
1188.2684
1191.0643
1193.8602
1196.6562
1199.4521
1202.248
1205.0439
1209.2378
1212.0338
1216.2277
1219.0236
1223.2175
1227.4114
1230.2073
1235.7991
1238.5951
1242.7889
1246.9828
1251.1767
1256.7686
1259.5645
1265.1563
1269.3502
1274.9421
1279.136
1283.3299
1287.5238
1293.1156
1298.7075
1302.9013
1308.4932
1312.6871
1318.2789
1322.4728
1326.6667
1332.2586
1337.8504
1343.4423
1347.6362
1353.228
1358.8199
1363.0137
1368.6056
1372.7995
1378.3913
1385.3812
1389.575
1393.7689
1399.3608
1404.9526
1409.1465
1414.7384
1418.9323
1424.5241
1428.718
1432.9119
1438.5037
1442.6976
1445.4936
1449.6874
1453.8813
1458.0752
1463.6671
1466.463
1469.2589
1474.8508
1477.6467
1483.2385
1484.6365
1490.2284
1491.6263
1497.2182
1500.0141
1502.81
1507.0039
1509.7998
1512.5958
1515.3917
1518.1876
1520.9835
1523.7795
1526.5754
1529.3713
1530.7693
1533.5652
1536.3611
1539.1571
1540.555
1541.953
1544.7489
1546.1469
1548.9428
1551.7387
1551.7387
1554.5347
1555.9326
1557.3306
1558.7285
1560.1265
1560.1265
1561.5245
1562.9224
1564.3204
1564.3204
1564.3204
1565.7184
1567.1163
1567.1163
1568.5143
1568.5143
1567.1163
1568.5143
1568.5143
1568.5143
1568.5143
1568.5143
1567.1163
1568.5143
1568.5143
1568.5143
1567.1163
1567.1163
1568.5143
1569.9122
1568.5143
1569.9122
1569.9122
1568.5143
1569.9122
1569.9122
1569.9122
1569.9122
1568.5143
1568.5143
1568.5143
1568.5143
1568.5143
1567.1163
1567.1163
1567.1163
1567.1163
1567.1163
1567.1163
1565.7184
1565.7184
1564.3204
1565.7184
1562.9224
1561.5245
1561.5245
1561.5245
1560.1265
1558.7285
1558.7285
1557.3306
1554.5347
1553.1367
1553.1367
1550.3408
1550.3408
1547.5448
1546.1469
1543.3509
1541.953
1539.1571
1537.7591
1534.9632
1533.5652
1530.7693
1527.9734
1525.1774
1522.3815
1519.5856
1516.7897
1513.9937
1511.1978
1507.0039
1502.81
1498.6161
1495.8202
1491.6263
1488.8304
1483.2385
1479.0447
1474.8508
1470.6569
1465.065
1460.8711
1455.2793
1448.2895
1444.0956
1437.1058
1432.9119
1425.9221
1420.3302
1413.3404
1406.3506
1400.7587
1393.7689
1385.3812
1378.3913
1371.4015
1361.6158
1353.228
1344.8402
1336.4525
1328.0647
1316.881
1308.4932
1298.7075
1287.5238
1277.738
1265.1563
1256.7686
1242.7889
1231.6052
1220.4215
1206.4419
1192.4623
1179.8806
1165.901
1150.5234
1137.9417
1122.5641
1107.1866
1091.809
1075.0334
1055.4619
1037.2884
1017.7169
998.1455
977.176
956.2066
932.4412
907.2779
883.5125
858.3492
834.5838
810.8184
784.2571
759.0938
731.1346
701.7773
671.0222
640.267
609.5118
575.9607
543.8075
511.6544
478.1033
444.5522
411.0011
376.052
341.1029
306.1539
272.6027
240.4496
209.6944
178.9392
148.1841
120.2248
96.4594
76.888
58.7144
43.3368
29.3572
20.9694
13.9796
9.7857
6.9898
1.398
0
-1.398
0
1.398
1.398
0
0
0
2.7959
1.398
0
0
1.398
1.398
1.398
1.398
0
0
0
1.398
0
0
0
1.398
1.398
0
1.398
0
0
1.398
1.398
0
0
1.398
1.398
1.398
0
0
0
0
0
0
0
1.398
0
0
0
0
0
0
1.398
0
0
0
0
0
0
1.398
0
0
0
1.398
0
1.398
0
0
1.398
0
1.398
0
0
1.398
0
0
0
0
0
0
0
1.398
0
0
0
0
0
0
0
0
0
1.398
0
0
0
0
0
0
0
0
1.398
1.398
0
0
0
0
0
0
0
0
0
0
1.398
0
0
1.398
0
0
0
1.398
1.398
0
1.398
0
0
0
0
0
1.398
0
0
0
0
1.398
1.398
0
0
0
0
0
0
0
0
0
0
0
0
0
0
0
0
0
0
0
0
0
0
0
0
0
0
0
0
0
0
0
0
0
0
0
0
0
0
1.398
0
1.398
0
0
0
1.398
0
0
0
0
0
0
0
0
0
0
0
-1.398
1.398
1.398
0
0
1.398
1.398
0
0
0
0
0
0
1.398
0
0
0
0
1.398
0
0
0
0
0
1.398
0
0
0
0
0
0
1.398
0
-1.398
0
0
1.398
0
0
0
0
0
0
0
0
0
0
0
0
0
0
1.398
0
0
1.398
0
1.398
0
1.398
0
0
0
0
0
0
0
0
0
0
0
0
0
1.398
0
0
1.398
0
1.398
0
0
1.398
0
0
0
1.398
1.398
0
0
0
0
0
0
0
1.398
1.398
0
0
0
0
0
0
0
0
0
0
1.398
0
1.398
0
0
0
0
0
0
0
0
0
0
0
0
0
0
1.398
0
0
0
0
0
0
-1.398
0
0
1.398
0
0
0
0
0
0
0
0
1.398
0
0
0
0
0
0
1.398
0
0
0
0
0
0
0
0
0
1.398
0
1.398
0
0
0
0
0
0
1.398
0
0
0
0
0
0
1.398
0
0
0
0
0
1.398
0
0
0
1.398
0
0
0
0
0
0
0
0
0
0
1.398
0
1.398
0
0
0
1.398
0
1.398
0
0
1.398
0
0
1.398
1.398
0
1.398
0
0
0
1.398
1.398
0
1.398
0
1.398
1.398
0
0
0
0
0
0
1.398
0
0
0
0
0
0
0
0
0
0
1.398
0
0
0
0
0
0
0
0
0
0
0
0
1.398
0
1.398
0
0
0
0
0
0
0
1.398
0
0
0
0
0
0
0
0
0
0
0
0
0
0
0
0
0
0
0
0
0
0
1.398
0
0
0
0
0
0
0
0
0
0
0
0
0
0
0
0
1.398
0
1.398
0
0
0
0
0
0
0
0
1.398
1.398
0
0
0
0
0
1.398
0
0
1.398
0
1.398
0
0
0
0
0
0
0
0
0
1.398
1.398
0
0
0
0
0
0
0
0
0
0
0
0
0
0
1.398
0
0
0
0
0
0
0
0
0
0
0
0
0
0
0
1.398
0
0
0
0
0
0
0
0
0
0
0
0
0
0
0
0
0
1.398
0
0
0
0
0
0
0
0
1.398
0
0
0
0
0
1.398
0
0
0
0
0
0
0
0
0
0
0
0
0
0
0
0
0
0
0
0
0
0
0
0
0
0
0
0
0
1.398
0
0
1.398
0
0
0
0
0
0
0
0
0
0
0
0
0
