587.1444
585.7464
587.1444
587.1444
587.1444
587.1444
587.1444
587.1444
585.7464
587.1444
587.1444
585.7464
587.1444
587.1444
585.7464
587.1444
587.1444
585.7464
585.7464
587.1444
587.1444
587.1444
585.7464
587.1444
587.1444
587.1444
587.1444
585.7464
587.1444
587.1444
585.7464
587.1444
585.7464
585.7464
585.7464
585.7464
585.7464
587.1444
585.7464
585.7464
585.7464
584.3485
585.7464
584.3485
585.7464
585.7464
585.7464
584.3485
584.3485
585.7464
584.3485
585.7464
584.3485
585.7464
585.7464
584.3485
584.3485
584.3485
585.7464
584.3485
584.3485
584.3485
584.3485
584.3485
584.3485
584.3485
584.3485
584.3485
584.3485
584.3485
584.3485
584.3485
584.3485
585.7464
584.3485
584.3485
584.3485
584.3485
584.3485
584.3485
584.3485
584.3485
584.3485
584.3485
584.3485
585.7464
584.3485
584.3485
584.3485
584.3485
584.3485
584.3485
584.3485
584.3485
584.3485
584.3485
585.7464
584.3485
585.7464
584.3485
585.7464
585.7464
585.7464
585.7464
585.7464
584.3485
585.7464
585.7464
585.7464
585.7464
587.1444
585.7464
585.7464
585.7464
587.1444
585.7464
585.7464
587.1444
585.7464
587.1444
587.1444
585.7464
587.1444
587.1444
585.7464
587.1444
587.1444
587.1444
587.1444
587.1444
587.1444
587.1444
587.1444
587.1444
587.1444
587.1444
587.1444
587.1444
587.1444
587.1444
587.1444
588.5423
587.1444
588.5423
588.5423
587.1444
587.1444
587.1444
587.1444
587.1444
587.1444
587.1444
588.5423
587.1444
587.1444
587.1444
587.1444
588.5423
587.1444
587.1444
588.5423
588.5423
588.5423
587.1444
588.5423
588.5423
588.5423
588.5423
588.5423
587.1444
587.1444
588.5423
588.5423
587.1444
587.1444
587.1444
587.1444
588.5423
588.5423
588.5423
588.5423
587.1444
588.5423
588.5423
588.5423
588.5423
588.5423
588.5423
588.5423
588.5423
588.5423
588.5423
588.5423
587.1444
588.5423
588.5423
588.5423
587.1444
588.5423
588.5423
587.1444
588.5423
588.5423
588.5423
587.1444
588.5423
587.1444
588.5423
588.5423
587.1444
587.1444
587.1444
587.1444
588.5423
587.1444
587.1444
587.1444
588.5423
587.1444
587.1444
587.1444
587.1444
587.1444
587.1444
587.1444
587.1444
585.7464
587.1444
585.7464
585.7464
585.7464
585.7464
585.7464
585.7464
585.7464
584.3485
585.7464
585.7464
585.7464
585.7464
585.7464
585.7464
585.7464
584.3485
585.7464
585.7464
584.3485
584.3485
584.3485
585.7464
584.3485
584.3485
584.3485
584.3485
584.3485
584.3485
584.3485
584.3485
584.3485
584.3485
584.3485
584.3485
582.9505
584.3485
582.9505
584.3485
582.9505
582.9505
584.3485
582.9505
582.9505
584.3485
582.9505
582.9505
582.9505
582.9505
582.9505
582.9505
582.9505
582.9505
581.5525
582.9505
582.9505
582.9505
582.9505
582.9505
582.9505
582.9505
582.9505
582.9505
582.9505
582.9505
582.9505
582.9505
582.9505
582.9505
584.3485
582.9505
582.9505
582.9505
584.3485
582.9505
584.3485
584.3485
584.3485
584.3485
582.9505
584.3485
584.3485
584.3485
584.3485
584.3485
584.3485
585.7464
584.3485
584.3485
584.3485
584.3485
584.3485
584.3485
584.3485
584.3485
584.3485
584.3485
584.3485
584.3485
584.3485
584.3485
585.7464
584.3485
584.3485
584.3485
585.7464
584.3485
584.3485
584.3485
584.3485
585.7464
584.3485
585.7464
584.3485
584.3485
585.7464
584.3485
585.7464
584.3485
584.3485
585.7464
585.7464
585.7464
584.3485
584.3485
584.3485
585.7464
585.7464
585.7464
584.3485
584.3485
584.3485
584.3485
585.7464
584.3485
584.3485
584.3485
584.3485
584.3485
584.3485
584.3485
584.3485
584.3485
584.3485
585.7464
584.3485
584.3485
584.3485
584.3485
584.3485
584.3485
584.3485
584.3485
584.3485
584.3485
584.3485
584.3485
584.3485
585.7464
584.3485
585.7464
585.7464
585.7464
585.7464
584.3485
585.7464
585.7464
585.7464
585.7464
585.7464
584.3485
585.7464
584.3485
584.3485
585.7464
585.7464
585.7464
585.7464
587.1444
585.7464
585.7464
585.7464
587.1444
585.7464
585.7464
585.7464
585.7464
585.7464
585.7464
587.1444
585.7464
585.7464
585.7464
587.1444
587.1444
587.1444
587.1444
585.7464
587.1444
587.1444
585.7464
587.1444
587.1444
587.1444
587.1444
587.1444
587.1444
588.5423
587.1444
587.1444
587.1444
588.5423
587.1444
587.1444
587.1444
587.1444
587.1444
587.1444
587.1444
587.1444
587.1444
587.1444
587.1444
587.1444
587.1444
587.1444
587.1444
587.1444
587.1444
587.1444
587.1444
587.1444
587.1444
587.1444
587.1444
587.1444
587.1444
587.1444
587.1444
585.7464
587.1444
587.1444
587.1444
587.1444
587.1444
587.1444
587.1444
587.1444
587.1444
587.1444
585.7464
587.1444
587.1444
587.1444
587.1444
587.1444
585.7464
585.7464
585.7464
587.1444
585.7464
587.1444
585.7464
585.7464
585.7464
585.7464
585.7464
585.7464
585.7464
585.7464
585.7464
585.7464
584.3485
587.1444
587.1444
585.7464
585.7464
585.7464
585.7464
585.7464
587.1444
585.7464
585.7464
585.7464
585.7464
585.7464
585.7464
585.7464
585.7464
585.7464
584.3485
584.3485
585.7464
585.7464
585.7464
585.7464
584.3485
584.3485
584.3485
585.7464
585.7464
584.3485
584.3485
584.3485
585.7464
584.3485
584.3485
585.7464
584.3485
584.3485
584.3485
584.3485
584.3485
584.3485
585.7464
584.3485
584.3485
584.3485
584.3485
585.7464
585.7464
585.7464
585.7464
585.7464
585.7464
585.7464
584.3485
585.7464
585.7464
587.1444
585.7464
585.7464
585.7464
585.7464
585.7464
585.7464
585.7464
585.7464
587.1444
585.7464
587.1444
587.1444
585.7464
587.1444
587.1444
587.1444
587.1444
587.1444
587.1444
587.1444
587.1444
587.1444
587.1444
587.1444
587.1444
587.1444
587.1444
587.1444
587.1444
587.1444
587.1444
587.1444
587.1444
587.1444
587.1444
587.1444
587.1444
587.1444
587.1444
587.1444
587.1444
587.1444
587.1444
587.1444
587.1444
587.1444
585.7464
587.1444
587.1444
587.1444
587.1444
585.7464
585.7464
585.7464
585.7464
587.1444
585.7464
585.7464
585.7464
585.7464
585.7464
585.7464
585.7464
585.7464
585.7464
585.7464
585.7464
585.7464
585.7464
585.7464
584.3485
585.7464
585.7464
585.7464
585.7464
585.7464
585.7464
585.7464
585.7464
585.7464
585.7464
585.7464
585.7464
585.7464
585.7464
585.7464
585.7464
585.7464
585.7464
585.7464
585.7464
585.7464
585.7464
585.7464
585.7464
587.1444
585.7464
585.7464
585.7464
585.7464
585.7464
585.7464
585.7464
585.7464
585.7464
585.7464
585.7464
585.7464
585.7464
587.1444
584.3485
585.7464
587.1444
585.7464
585.7464
587.1444
585.7464
585.7464
585.7464
585.7464
585.7464
585.7464
587.1444
585.7464
587.1444
585.7464
587.1444
587.1444
587.1444
587.1444
587.1444
587.1444
587.1444
587.1444
587.1444
587.1444
587.1444
587.1444
587.1444
587.1444
588.5423
588.5423
588.5423
587.1444
587.1444
588.5423
588.5423
587.1444
588.5423
588.5423
588.5423
588.5423
588.5423
588.5423
588.5423
588.5423
588.5423
588.5423
588.5423
588.5423
587.1444
588.5423
588.5423
588.5423
588.5423
588.5423
588.5423
588.5423
588.5423
587.1444
588.5423
588.5423
588.5423
587.1444
588.5423
588.5423
588.5423
588.5423
588.5423
588.5423
588.5423
588.5423
588.5423
588.5423
588.5423
588.5423
588.5423
588.5423
587.1444
587.1444
588.5423
587.1444
587.1444
587.1444
587.1444
587.1444
587.1444
587.1444
587.1444
587.1444
587.1444
587.1444
587.1444
585.7464
587.1444
585.7464
585.7464
585.7464
585.7464
585.7464
585.7464
585.7464
585.7464
585.7464
585.7464
584.3485
584.3485
584.3485
585.7464
584.3485
584.3485
584.3485
584.3485
584.3485
584.3485
584.3485
584.3485
584.3485
584.3485
584.3485
584.3485
584.3485
584.3485
584.3485
584.3485
584.3485
584.3485
582.9505
582.9505
584.3485
584.3485
584.3485
584.3485
582.9505
584.3485
582.9505
584.3485
584.3485
584.3485
582.9505
582.9505
582.9505
584.3485
582.9505
584.3485
582.9505
582.9505
582.9505
584.3485
584.3485
584.3485
584.3485
582.9505
584.3485
584.3485
582.9505
582.9505
582.9505
584.3485
582.9505
584.3485
584.3485
582.9505
584.3485
584.3485
584.3485
584.3485
584.3485
584.3485
584.3485
584.3485
584.3485
584.3485
584.3485
585.7464
584.3485
584.3485
584.3485
584.3485
584.3485
584.3485
584.3485
584.3485
584.3485
584.3485
584.3485
584.3485
584.3485
585.7464
585.7464
585.7464
584.3485
584.3485
585.7464
585.7464
585.7464
584.3485
584.3485
585.7464
585.7464
585.7464
585.7464
585.7464
585.7464
585.7464
585.7464
585.7464
585.7464
585.7464
585.7464
585.7464
585.7464
585.7464
585.7464
584.3485
585.7464
585.7464
585.7464
585.7464
585.7464
585.7464
585.7464
585.7464
585.7464
585.7464
585.7464
585.7464
587.1444
585.7464
585.7464
585.7464
587.1444
587.1444
585.7464
587.1444
585.7464
585.7464
585.7464
587.1444
585.7464
585.7464
585.7464
585.7464
585.7464
587.1444
585.7464
587.1444
585.7464
585.7464
585.7464
587.1444
587.1444
585.7464
587.1444
585.7464
585.7464
587.1444
587.1444
587.1444
587.1444
587.1444
585.7464
585.7464
587.1444
585.7464
585.7464
587.1444
587.1444
587.1444
585.7464
585.7464
585.7464
585.7464
587.1444
587.1444
587.1444
585.7464
585.7464
585.7464
587.1444
585.7464
587.1444
585.7464
585.7464
585.7464
585.7464
585.7464
585.7464
585.7464
585.7464
585.7464
585.7464
585.7464
585.7464
585.7464
585.7464
585.7464
585.7464
585.7464
587.1444
585.7464
585.7464
585.7464
585.7464
585.7464
585.7464
585.7464
585.7464
585.7464
584.3485
585.7464
585.7464
585.7464
585.7464
584.3485
587.1444
585.7464
585.7464
584.3485
585.7464
584.3485
585.7464
585.7464
585.7464
584.3485
585.7464
585.7464
584.3485
584.3485
585.7464
585.7464
585.7464
585.7464
585.7464
585.7464
584.3485
585.7464
584.3485
585.7464
585.7464
585.7464
585.7464
584.3485
585.7464
585.7464
585.7464
585.7464
585.7464
585.7464
585.7464
585.7464
585.7464
585.7464
585.7464
585.7464
585.7464
585.7464
585.7464
585.7464
587.1444
587.1444
585.7464
587.1444
585.7464
585.7464
585.7464
585.7464
585.7464
587.1444
585.7464
587.1444
587.1444
585.7464
587.1444
587.1444
587.1444
587.1444
587.1444
587.1444
587.1444
587.1444
587.1444
587.1444
587.1444
587.1444
587.1444
587.1444
587.1444
587.1444
585.7464
587.1444
587.1444
587.1444
587.1444
587.1444
587.1444
587.1444
587.1444
587.1444
587.1444
587.1444
587.1444
587.1444
587.1444
587.1444
587.1444
587.1444
585.7464
587.1444
587.1444
587.1444
587.1444
587.1444
587.1444
585.7464
587.1444
585.7464
587.1444
587.1444
587.1444
587.1444
587.1444
587.1444
587.1444
587.1444
587.1444
585.7464
587.1444
587.1444
585.7464
587.1444
587.1444
587.1444
587.1444
585.7464
587.1444
585.7464
587.1444
587.1444
585.7464
587.1444
585.7464
585.7464
587.1444
585.7464
585.7464
585.7464
585.7464
585.7464
587.1444
585.7464
585.7464
585.7464
587.1444
585.7464
585.7464
585.7464
585.7464
584.3485
585.7464
585.7464
585.7464
585.7464
585.7464
585.7464
585.7464
585.7464
585.7464
585.7464
585.7464
585.7464
585.7464
585.7464
585.7464
585.7464
585.7464
585.7464
585.7464
585.7464
585.7464
585.7464
585.7464
584.3485
585.7464
585.7464
587.1444
585.7464
587.1444
585.7464
587.1444
585.7464
585.7464
587.1444
585.7464
587.1444
587.1444
585.7464
585.7464
587.1444
587.1444
587.1444
587.1444
587.1444
587.1444
587.1444
587.1444
587.1444
587.1444
587.1444
587.1444
587.1444
588.5423
588.5423
588.5423
587.1444
588.5423
588.5423
588.5423
588.5423
588.5423
588.5423
588.5423
588.5423
588.5423
588.5423
588.5423
588.5423
588.5423
588.5423
589.9403
588.5423
588.5423
588.5423
588.5423
588.5423
588.5423
588.5423
588.5423
588.5423
588.5423
588.5423
588.5423
588.5423
588.5423
588.5423
588.5423
588.5423
588.5423
588.5423
588.5423
588.5423
588.5423
588.5423
588.5423
588.5423
588.5423
588.5423
588.5423
588.5423
588.5423
588.5423
587.1444
588.5423
588.5423
588.5423
588.5423
588.5423
588.5423
588.5423
588.5423
588.5423
588.5423
587.1444
588.5423
588.5423
588.5423
587.1444
588.5423
588.5423
588.5423
588.5423
588.5423
588.5423
588.5423
588.5423
588.5423
588.5423
588.5423
588.5423
588.5423
588.5423
588.5423
588.5423
588.5423
588.5423
589.9403
588.5423
588.5423
588.5423
588.5423
589.9403
588.5423
588.5423
588.5423
588.5423
588.5423
588.5423
588.5423
588.5423
588.5423
588.5423
588.5423
588.5423
588.5423
587.1444
588.5423
588.5423
587.1444
587.1444
587.1444
588.5423
588.5423
588.5423
587.1444
587.1444
587.1444
587.1444
587.1444
587.1444
587.1444
587.1444
587.1444
585.7464
585.7464
585.7464
585.7464
587.1444
587.1444
587.1444
585.7464
587.1444
587.1444
587.1444
585.7464
585.7464
587.1444
585.7464
585.7464
585.7464
587.1444
585.7464
587.1444
587.1444
585.7464
587.1444
587.1444
585.7464
587.1444
585.7464
587.1444
585.7464
587.1444
587.1444
587.1444
587.1444
585.7464
587.1444
587.1444
587.1444
585.7464
587.1444
585.7464
587.1444
587.1444
587.1444
587.1444
587.1444
585.7464
587.1444
587.1444
587.1444
587.1444
585.7464
587.1444
587.1444
587.1444
587.1444
585.7464
587.1444
587.1444
585.7464
585.7464
587.1444
587.1444
587.1444
587.1444
587.1444
587.1444
587.1444
587.1444
585.7464
585.7464
585.7464
585.7464
585.7464
585.7464
585.7464
585.7464
585.7464
585.7464
587.1444
585.7464
585.7464
585.7464
585.7464
585.7464
585.7464
585.7464
585.7464
584.3485
585.7464
585.7464
585.7464
585.7464
585.7464
585.7464
584.3485
584.3485
585.7464
584.3485
585.7464
584.3485
584.3485
585.7464
585.7464
585.7464
584.3485
585.7464
585.7464
585.7464
585.7464
585.7464
585.7464
584.3485
585.7464
584.3485
585.7464
585.7464
585.7464
585.7464
585.7464
580.1546
580.1546
578.7566
580.1546
578.7566
578.7566
580.1546
580.1546
578.7566
578.7566
580.1546
580.1546
580.1546
580.1546
580.1546
578.7566
580.1546
580.1546
580.1546
580.1546
580.1546
580.1546
580.1546
580.1546
580.1546
581.5525
580.1546
580.1546
580.1546
581.5525
581.5525
580.1546
581.5525
580.1546
580.1546
580.1546
580.1546
578.7566
581.5525
580.1546
580.1546
580.1546
580.1546
580.1546
580.1546
580.1546
580.1546
580.1546
580.1546
580.1546
580.1546
580.1546
580.1546
578.7566
578.7566
580.1546
578.7566
580.1546
578.7566
578.7566
580.1546
580.1546
578.7566
578.7566
578.7566
578.7566
578.7566
578.7566
578.7566
578.7566
578.7566
578.7566
578.7566
578.7566
578.7566
578.7566
578.7566
578.7566
578.7566
578.7566
578.7566
580.1546
578.7566
578.7566
578.7566
580.1546
580.1546
580.1546
580.1546
580.1546
580.1546
580.1546
580.1546
580.1546
581.5525
581.5525
580.1546
580.1546
581.5525
580.1546
581.5525
581.5525
581.5525
581.5525
581.5525
581.5525
581.5525
581.5525
581.5525
582.9505
581.5525
582.9505
581.5525
582.9505
581.5525
582.9505
582.9505
582.9505
582.9505
582.9505
582.9505
582.9505
582.9505
582.9505
582.9505
582.9505
582.9505
582.9505
584.3485
582.9505
582.9505
582.9505
584.3485
584.3485
582.9505
582.9505
582.9505
584.3485
584.3485
584.3485
584.3485
584.3485
584.3485
584.3485
584.3485
584.3485
584.3485
584.3485
584.3485
582.9505
584.3485
584.3485
584.3485
584.3485
585.7464
585.7464
585.7464
585.7464
584.3485
585.7464
584.3485
584.3485
585.7464
585.7464
585.7464
585.7464
585.7464
585.7464
585.7464
585.7464
585.7464
585.7464
585.7464
585.7464
587.1444
587.1444
585.7464
587.1444
585.7464
585.7464
585.7464
587.1444
587.1444
587.1444
587.1444
585.7464
587.1444
587.1444
587.1444
587.1444
587.1444
587.1444
587.1444
587.1444
587.1444
587.1444
587.1444
587.1444
587.1444
587.1444
587.1444
587.1444
588.5423
587.1444
588.5423
588.5423
587.1444
588.5423
587.1444
588.5423
587.1444
587.1444
588.5423
587.1444
588.5423
587.1444
588.5423
587.1444
588.5423
587.1444
588.5423
588.5423
588.5423
588.5423
587.1444
587.1444
587.1444
587.1444
587.1444
588.5423
587.1444
587.1444
588.5423
587.1444
587.1444
587.1444
587.1444
587.1444
587.1444
587.1444
587.1444
587.1444
587.1444
587.1444
587.1444
588.5423
587.1444
585.7464
587.1444
585.7464
587.1444
585.7464
585.7464
585.7464
585.7464
587.1444
587.1444
585.7464
587.1444
585.7464
587.1444
587.1444
585.7464
585.7464
587.1444
585.7464
587.1444
585.7464
585.7464
585.7464
587.1444
585.7464
587.1444
587.1444
585.7464
585.7464
585.7464
585.7464
585.7464
585.7464
585.7464
585.7464
585.7464
585.7464
585.7464
585.7464
585.7464
585.7464
584.3485
585.7464
585.7464
585.7464
585.7464
585.7464
585.7464
585.7464
585.7464
585.7464
585.7464
585.7464
585.7464
585.7464
585.7464
585.7464
585.7464
585.7464
585.7464
587.1444
587.1444
587.1444
587.1444
585.7464
587.1444
587.1444
587.1444
587.1444
587.1444
587.1444
588.5423
585.7464
587.1444
587.1444
587.1444
587.1444
587.1444
587.1444
587.1444
587.1444
587.1444
587.1444
587.1444
587.1444
587.1444
588.5423
587.1444
588.5423
587.1444
587.1444
587.1444
588.5423
588.5423
587.1444
587.1444
587.1444
587.1444
587.1444
587.1444
587.1444
587.1444
587.1444
587.1444
587.1444
587.1444
587.1444
587.1444
587.1444
587.1444
587.1444
587.1444
587.1444
587.1444
587.1444
587.1444
587.1444
587.1444
587.1444
587.1444
587.1444
587.1444
588.5423
588.5423
588.5423
588.5423
588.5423
588.5423
588.5423
588.5423
588.5423
589.9403
588.5423
588.5423
589.9403
589.9403
589.9403
589.9403
589.9403
589.9403
589.9403
589.9403
589.9403
592.7362
589.9403
591.3383
591.3383
591.3383
591.3383
591.3383
591.3383
591.3383
591.3383
591.3383
591.3383
591.3383
591.3383
591.3383
592.7362
592.7362
591.3383
591.3383
591.3383
591.3383
592.7362
591.3383
591.3383
591.3383
591.3383
591.3383
591.3383
589.9403
589.9403
591.3383
589.9403
589.9403
589.9403
588.5423
589.9403
588.5423
589.9403
588.5423
588.5423
588.5423
588.5423
588.5423
587.1444
588.5423
587.1444
588.5423
587.1444
587.1444
587.1444
587.1444
587.1444
585.7464
585.7464
585.7464
585.7464
587.1444
585.7464
585.7464
585.7464
585.7464
584.3485
585.7464
585.7464
585.7464
584.3485
584.3485
584.3485
584.3485
584.3485
584.3485
584.3485
584.3485
584.3485
582.9505
582.9505
584.3485
582.9505
584.3485
582.9505
582.9505
584.3485
582.9505
582.9505
582.9505
582.9505
582.9505
582.9505
582.9505
582.9505
582.9505
582.9505
582.9505
581.5525
582.9505
582.9505
582.9505
582.9505
581.5525
582.9505
582.9505
582.9505
581.5525
582.9505
582.9505
582.9505
582.9505
581.5525
582.9505
582.9505
581.5525
582.9505
581.5525
581.5525
581.5525
582.9505
582.9505
582.9505
582.9505
582.9505
582.9505
581.5525
582.9505
582.9505
582.9505
582.9505
582.9505
582.9505
582.9505
582.9505
582.9505
582.9505
582.9505
582.9505
584.3485
582.9505
582.9505
582.9505
582.9505
582.9505
582.9505
582.9505
582.9505
582.9505
582.9505
582.9505
582.9505
582.9505
582.9505
582.9505
582.9505
582.9505
582.9505
582.9505
582.9505
582.9505
582.9505
582.9505
584.3485
582.9505
584.3485
582.9505
582.9505
584.3485
582.9505
584.3485
582.9505
584.3485
584.3485
584.3485
584.3485
584.3485
584.3485
585.7464
584.3485
585.7464
585.7464
585.7464
585.7464
584.3485
585.7464
585.7464
585.7464
584.3485
585.7464
585.7464
587.1444
585.7464
585.7464
585.7464
587.1444
587.1444
587.1444
587.1444
585.7464
587.1444
587.1444
587.1444
587.1444
587.1444
588.5423
587.1444
587.1444
587.1444
587.1444
587.1444
587.1444
587.1444
587.1444
587.1444
587.1444
587.1444
587.1444
587.1444
587.1444
587.1444
587.1444
588.5423
587.1444
588.5423
587.1444
587.1444
587.1444
587.1444
587.1444
587.1444
587.1444
585.7464
587.1444
587.1444
587.1444
585.7464
587.1444
585.7464
587.1444
585.7464
585.7464
585.7464
585.7464
585.7464
585.7464
585.7464
585.7464
585.7464
585.7464
584.3485
585.7464
584.3485
584.3485
584.3485
584.3485
584.3485
584.3485
584.3485
584.3485
582.9505
584.3485
582.9505
582.9505
582.9505
582.9505
582.9505
582.9505
582.9505
582.9505
581.5525
582.9505
582.9505
582.9505
582.9505
582.9505
581.5525
582.9505
582.9505
581.5525
581.5525
581.5525
581.5525
581.5525
581.5525
581.5525
581.5525
581.5525
581.5525
580.1546
581.5525
581.5525
581.5525
581.5525
581.5525
581.5525
581.5525
581.5525
581.5525
580.1546
581.5525
581.5525
581.5525
582.9505
581.5525
582.9505
582.9505
581.5525
581.5525
581.5525
582.9505
582.9505
582.9505
582.9505
582.9505
582.9505
582.9505
582.9505
582.9505
582.9505
582.9505
584.3485
584.3485
582.9505
584.3485
584.3485
584.3485
584.3485
584.3485
584.3485
584.3485
585.7464
585.7464
585.7464
587.1444
585.7464
585.7464
585.7464
587.1444
587.1444
587.1444
587.1444
587.1444
587.1444
587.1444
588.5423
587.1444
588.5423
587.1444
587.1444
587.1444
587.1444
587.1444
587.1444
588.5423
588.5423
587.1444
587.1444
587.1444
587.1444
587.1444
588.5423
587.1444
587.1444
587.1444
587.1444
587.1444
587.1444
587.1444
587.1444
587.1444
587.1444
587.1444
587.1444
587.1444
587.1444
587.1444
587.1444
587.1444
587.1444
585.7464
587.1444
587.1444
585.7464
587.1444
587.1444
585.7464
587.1444
585.7464
587.1444
585.7464
585.7464
585.7464
587.1444
587.1444
587.1444
585.7464
587.1444
587.1444
585.7464
585.7464
587.1444
587.1444
587.1444
587.1444
587.1444
587.1444
585.7464
585.7464
587.1444
587.1444
585.7464
585.7464
587.1444
587.1444
585.7464
587.1444
585.7464
585.7464
587.1444
585.7464
587.1444
587.1444
587.1444
585.7464
587.1444
587.1444
587.1444
587.1444
585.7464
585.7464
585.7464
587.1444
587.1444
585.7464
587.1444
585.7464
585.7464
587.1444
587.1444
585.7464
587.1444
585.7464
585.7464
585.7464
585.7464
585.7464
585.7464
585.7464
585.7464
585.7464
585.7464
585.7464
585.7464
585.7464
585.7464
585.7464
585.7464
585.7464
585.7464
584.3485
585.7464
585.7464
585.7464
585.7464
584.3485
584.3485
584.3485
585.7464
584.3485
584.3485
582.9505
584.3485
582.9505
582.9505
582.9505
582.9505
582.9505
584.3485
582.9505
581.5525
581.5525
581.5525
581.5525
581.5525
581.5525
580.1546
580.1546
578.7566
578.7566
578.7566
578.7566
577.3586
577.3586
577.3586
575.9607
575.9607
575.9607
575.9607
575.9607
574.5627
574.5627
574.5627
573.1648
573.1648
573.1648
571.7668
571.7668
570.3688
570.3688
570.3688
568.9709
568.9709
567.5729
567.5729
566.1749
566.1749
566.1749
564.777
564.777
564.777
563.379
563.379
561.9811
560.5831
560.5831
559.1851
559.1851
559.1851
557.7872
557.7872
557.7872
557.7872
556.3892
554.9912
554.9912
554.9912
554.9912
554.9912
553.5933
553.5933
553.5933
552.1953
552.1953
552.1953
552.1953
552.1953
553.5933
552.1953
552.1953
552.1953
552.1953
552.1953
553.5933
552.1953
552.1953
553.5933
553.5933
553.5933
553.5933
553.5933
553.5933
553.5933
554.9912
553.5933
554.9912
554.9912
554.9912
556.3892
554.9912
556.3892
556.3892
556.3892
556.3892
557.7872
557.7872
557.7872
557.7872
557.7872
557.7872
557.7872
557.7872
557.7872
557.7872
556.3892
557.7872
556.3892
557.7872
556.3892
556.3892
556.3892
554.9912
554.9912
554.9912
554.9912
553.5933
553.5933
553.5933
553.5933
553.5933
553.5933
552.1953
550.7973
550.7973
550.7973
549.3994
549.3994
549.3994
548.0014
548.0014
546.6035
546.6035
545.2055
543.8075
543.8075
542.4096
542.4096
539.6136
539.6136
539.6136
538.2157
536.8177
535.4198
534.0218
532.6238
532.6238
531.2259
529.8279
528.4299
527.032
525.634
524.2361
524.2361
522.8381
521.4401
518.6442
518.6442
517.2462
515.8483
514.4503
513.0524
511.6544
508.8585
507.4605
506.0625
503.2666
503.2666
500.4707
499.0727
497.6748
494.8788
493.4809
492.0829
489.287
487.889
485.0931
482.2972
480.8992
479.5012
475.3074
472.5114
471.1135
468.3175
465.5216
462.7257
459.9298
457.1338
452.94
450.144
447.3481
444.5522
441.7563
437.5624
434.7664
430.5725
427.7766
423.5827
420.7868
416.5929
413.797
411.0011
406.8072
402.6133
399.8174
397.0214
392.8276
388.6337
385.8377
383.0418
378.8479
376.052
371.8581
369.0622
366.2663
362.0724
359.2764
356.4805
353.6846
349.4907
346.6948
343.8989
341.1029
338.307
334.1131
331.3172
328.5213
325.7253
322.9294
320.1335
317.3376
314.5416
311.7457
310.3477
307.5518
304.7559
301.96
300.562
297.7661
294.9702
292.1742
290.7763
287.9803
285.1844
283.7865
282.3885
279.5926
278.1946
276.7966
274.0007
272.6027
271.2048
268.4089
267.0109
265.6129
262.817
261.419
260.0211
258.6231
257.2252
255.8272
254.4292
253.0313
251.6333
251.6333
250.2353
248.8374
247.4394
247.4394
246.0415
246.0415
244.6435
243.2455
243.2455
241.8476
240.4496
240.4496
239.0516
239.0516
237.6537
237.6537
236.2557
234.8578
234.8578
234.8578
232.0618
232.0618
230.6639
230.6639
229.2659
229.2659
229.2659
227.8679
226.47
226.47
226.47
225.072
223.6741
223.6741
223.6741
222.2761
220.8781
220.8781
220.8781
219.4802
219.4802
219.4802
218.0822
218.0822
218.0822
218.0822
216.6842
216.6842
216.6842
216.6842
215.2863
216.6842
215.2863
215.2863
216.6842
215.2863
215.2863
215.2863
216.6842
216.6842
216.6842
216.6842
218.0822
218.0822
219.4802
219.4802
222.2761
222.2761
225.072
225.072
227.8679
229.2659
232.0618
233.4598
236.2557
237.6537
240.4496
241.8476
244.6435
247.4394
248.8374
251.6333
253.0313
255.8272
258.6231
260.0211
261.419
264.215
265.6129
268.4089
269.8068
272.6027
272.6027
275.3987
276.7966
278.1946
280.9905
282.3885
285.1844
286.5824
287.9803
290.7763
292.1742
294.9702
296.3681
297.7661
299.164
303.3579
304.7559
306.1539
308.9498
310.3477
313.1437
314.5416
317.3376
318.7355
321.5314
324.3274
325.7253
328.5213
329.9192
332.7152
335.5111
339.705
341.1029
343.8989
346.6948
349.4907
352.2866
355.0826
357.8785
360.6744
363.4703
367.6642
370.4601
373.2561
377.45
380.2459
383.0418
385.8377
388.6337
391.4296
394.2255
397.0214
399.8174
401.2153
404.0113
406.8072
408.2051
409.6031
411.0011
412.399
413.797
415.195
416.5929
417.9909
417.9909
419.3888
419.3888
420.7868
420.7868
420.7868
422.1848
423.5827
422.1848
423.5827
423.5827
423.5827
423.5827
424.9807
424.9807
426.3787
427.7766
427.7766
429.1746
429.1746
430.5725
431.9705
433.3685
434.7664
436.1644
437.5624
438.9603
441.7563
443.1542
445.9501
448.7461
451.542
452.94
457.1338
459.9298
462.7257
466.9196
469.7155
472.5114
476.7053
480.8992
485.0931
489.287
493.4809
497.6748
501.8687
506.0625
511.6544
515.8483
521.4401
527.032
531.2259
536.8177
542.4096
548.0014
552.1953
557.7872
563.379
568.9709
574.5627
580.1546
585.7464
591.3383
596.9301
602.522
606.7159
612.3077
616.5016
622.0935
627.6853
633.2772
637.471
641.6649
647.2568
651.4507
655.6446
658.4405
662.6344
666.8283
671.0222
673.8181
676.614
679.4099
682.2059
686.3997
687.7977
691.9916
693.3896
696.1855
697.5834
701.7773
703.1753
705.9712
708.7671
710.1651
714.359
717.1549
719.9509
722.7468
725.5427
729.7366
733.9305
735.3284
739.5223
742.3183
746.5121
749.3081
752.104
754.8999
757.6958
760.4918
763.2877
764.6857
767.4816
770.2775
771.6755
774.4714
775.8694
778.6653
780.0633
782.8592
785.6551
787.0531
788.451
789.849
792.6449
794.0429
798.2368
799.6347
802.4307
803.8286
805.2266
808.0225
809.4205
810.8184
812.2164
815.0123
816.4103
817.8082
819.2062
820.6042
822.0021
824.7981
824.7981
827.594
828.992
830.3899
831.7879
834.5838
835.9818
838.7777
840.1757
842.9716
845.7675
848.5634
851.3594
855.5532
856.9512
862.5431
865.339
869.5329
872.3288
876.5227
879.3186
883.5125
886.3084
889.1044
894.6962
897.4921
900.2881
904.4819
907.2779
910.0738
914.2677
917.0636
919.8595
924.0534
926.8493
931.0432
933.8392
935.2371
939.431
943.6249
946.4208
949.2168
953.4106
954.8086
959.0025
961.7984
965.9923
968.7882
971.5842
975.778
978.574
981.3699
984.1658
986.9617
989.7577
992.5536
995.3495
998.1455
1000.9414
1003.7373
1005.1353
1007.9312
1009.3292
1012.1251
1013.523
1016.319
1017.7169
1020.5129
1021.9108
1024.7067
1027.5027
1030.2986
1033.0945
1034.4925
1037.2884
1040.0843
1044.2782
1045.6762
1048.4721
1051.268
1055.4619
1058.2579
1061.0538
1063.8497
1066.6456
1070.8395
1072.2375
1075.0334
1079.2273
1080.6253
1083.4212
1086.2171
1089.013
1091.809
1094.6049
1097.4008
1100.1967
1102.9927
1105.7886
1108.5845
1109.9825
1114.1764
1115.5743
1119.7682
1122.5641
1123.9621
1126.758
1129.554
1132.3499
1135.1458
1136.5438
1137.9417
1140.7377
1142.1356
1143.5336
1146.3295
1147.7275
1150.5234
1150.5234
1153.3193
1153.3193
1154.7173
1156.1152
1157.5132
1158.9112
1158.9112
1160.3091
1161.7071
1161.7071
1161.7071
1163.1051
1163.1051
1163.1051
1164.503
1164.503
1164.503
1164.503
1164.503
1165.901
1165.901
1164.503
1165.901
1164.503
1165.901
1165.901
1165.901
1164.503
1164.503
1164.503
1163.1051
1163.1051
1163.1051
1161.7071
1161.7071
1161.7071
1160.3091
1158.9112
1157.5132
1157.5132
1156.1152
1154.7173
1153.3193
1153.3193
1151.9214
1150.5234
1149.1254
1149.1254
1147.7275
1146.3295
1144.9315
1143.5336
1143.5336
1142.1356
1142.1356
1140.7377
1139.3397
1139.3397
1137.9417
1136.5438
1136.5438
1135.1458
1133.7478
1133.7478
1132.3499
1132.3499
1130.9519
1129.554
1128.156
1128.156
1126.758
1125.3601
1123.9621
1122.5641
1122.5641
1121.1662
1121.1662
1119.7682
1119.7682
1119.7682
1118.3703
1118.3703
1116.9723
1115.5743
1114.1764
1112.7784
1111.3804
1111.3804
1109.9825
1108.5845
1108.5845
1107.1866
1104.3906
1104.3906
1101.5947
1101.5947
1100.1967
1098.7988
1097.4008
1096.0028
1094.6049
1094.6049
1093.2069
1091.809
1090.411
1089.013
1087.6151
1087.6151
1086.2171
1084.8191
1083.4212
1083.4212
1082.0232
1080.6253
1080.6253
1079.2273
1076.4314
1076.4314
1076.4314
1075.0334
1075.0334
1073.6354
1073.6354
1072.2375
1070.8395
1070.8395
1070.8395
1069.4416
1069.4416
1069.4416
1069.4416
1069.4416
1070.8395
1069.4416
1070.8395
1069.4416
1070.8395
1072.2375
1072.2375
1072.2375
1073.6354
1075.0334
1076.4314
1077.8293
1077.8293
1079.2273
1082.0232
1083.4212
1086.2171
1087.6151
1089.013
1091.809
1094.6049
1096.0028
1098.7988
1101.5947
1104.3906
1107.1866
1109.9825
1114.1764
1115.5743
1121.1662
1123.9621
1126.758
1130.9519
1133.7478
1137.9417
1142.1356
1146.3295
1150.5234
1154.7173
1158.9112
1163.1051
1167.299
1172.8908
1175.6867
1179.8806
1185.4725
1189.6664
1193.8602
1198.0541
1203.646
1207.8399
1212.0338
1217.6256
1221.8195
1227.4114
1231.6052
1235.7991
1241.391
1245.5849
1251.1767
1255.3706
1260.9625
1265.1563
1270.7482
1274.9421
1279.136
1284.7278
1288.9217
1291.7176
1298.7075
1302.9013
1305.6973
1311.2891
1315.483
1321.0749
1325.2688
1329.4626
1333.6565
1337.8504
1342.0443
1347.6362
1351.83
1354.626
1358.8199
1364.4117
1367.2076
1372.7995
1376.9934
1381.1873
1382.5852
1388.1771
1390.973
1395.1669
1397.9628
1402.1567
1404.9526
1409.1465
1411.9424
1414.7384
1417.5343
1421.7282
1424.5241
1425.9221
1430.116
1431.5139
1434.3099
1438.5037
1439.9017
1442.6976
1445.4936
1446.8915
1449.6874
1451.0854
1453.8813
1455.2793
1458.0752
1459.4732
1460.8711
1463.6671
1465.065
1467.861
1469.2589
1470.6569
1472.0548
1473.4528
1474.8508
1476.2487
1477.6467
1480.4426
1480.4426
1480.4426
1481.8406
1484.6365
1484.6365
1484.6365
1487.4324
1487.4324
1488.8304
1490.2284
1490.2284
1491.6263
1493.0243
1493.0243
1493.0243
1494.4223
1494.4223
1494.4223
1497.2182
1495.8202
1495.8202
1497.2182
1497.2182
1497.2182
1497.2182
1497.2182
1497.2182
1495.8202
1494.4223
1494.4223
1493.0243
1493.0243
1493.0243
1491.6263
1490.2284
1487.4324
1486.0345
1484.6365
1483.2385
1480.4426
1479.0447
1476.2487
1473.4528
1472.0548
1467.861
1465.065
1462.2691
1459.4732
1455.2793
1452.4834
1448.2895
1442.6976
1439.9017
1434.3099
1430.116
1425.9221
1420.3302
1414.7384
1410.5445
1404.9526
1399.3608
1393.7689
1385.3812
1379.7893
1372.7995
1365.8097
1357.4219
1349.0341
1342.0443
1332.2586
1323.8708
1314.085
1304.2993
1294.5136
1284.7278
1273.5441
1262.3604
1251.1767
1239.993
1228.8093
1216.2277
1203.646
1189.6664
1174.2888
1158.9112
1143.5336
1126.758
1109.9825
1091.809
1073.6354
1054.064
1033.0945
1012.1251
991.1556
970.1862
946.4208
922.6555
898.8901
873.7268
848.5634
823.4001
798.2368
771.6755
742.3183
712.961
683.6038
654.2466
622.0935
591.3383
557.7872
524.2361
492.0829
457.1338
423.5827
391.4296
359.2764
328.5213
299.164
269.8068
240.4496
215.2863
188.725
167.7555
146.7861
125.8167
107.6431
86.6737
71.2961
58.7144
48.9287
37.745
32.1531
22.3674
16.7756
9.7857
6.9898
4.1939
1.398
1.398
0
1.398
2.7959
1.398
1.398
1.398
2.7959
2.7959
2.7959
1.398
1.398
1.398
1.398
1.398
1.398
1.398
1.398
1.398
1.398
1.398
1.398
1.398
1.398
2.7959
1.398
0
1.398
1.398
1.398
1.398
1.398
1.398
1.398
1.398
1.398
1.398
1.398
1.398
1.398
1.398
1.398
1.398
1.398
1.398
1.398
1.398
1.398
1.398
1.398
1.398
1.398
1.398
1.398
1.398
1.398
1.398
1.398
1.398
1.398
1.398
1.398
1.398
1.398
1.398
2.7959
1.398
0
1.398
0
1.398
1.398
1.398
1.398
1.398
1.398
1.398
0
0
1.398
1.398
1.398
1.398
1.398
1.398
1.398
1.398
1.398
0
1.398
1.398
1.398
1.398
1.398
1.398
1.398
1.398
1.398
1.398
1.398
1.398
1.398
1.398
1.398
1.398
1.398
1.398
1.398
2.7959
1.398
1.398
0
1.398
1.398
1.398
1.398
1.398
1.398
1.398
1.398
1.398
1.398
1.398
1.398
1.398
1.398
1.398
1.398
1.398
1.398
1.398
1.398
1.398
1.398
1.398
1.398
1.398
1.398
1.398
1.398
1.398
0
1.398
1.398
1.398
1.398
1.398
0
1.398
1.398
1.398
1.398
1.398
1.398
1.398
1.398
1.398
1.398
1.398
1.398
1.398
1.398
1.398
1.398
1.398
1.398
0
1.398
2.7959
1.398
1.398
0
1.398
1.398
1.398
1.398
1.398
1.398
1.398
1.398
1.398
1.398
1.398
1.398
1.398
0
1.398
1.398
1.398
1.398
1.398
1.398
1.398
1.398
1.398
1.398
1.398
1.398
1.398
1.398
1.398
1.398
1.398
1.398
1.398
1.398
1.398
1.398
1.398
1.398
0
1.398
1.398
1.398
1.398
1.398
1.398
1.398
1.398
1.398
1.398
1.398
1.398
1.398
1.398
1.398
1.398
1.398
1.398
1.398
1.398
1.398
1.398
1.398
1.398
1.398
1.398
1.398
1.398
1.398
1.398
1.398
1.398
1.398
1.398
1.398
1.398
1.398
1.398
1.398
1.398
1.398
1.398
1.398
1.398
1.398
1.398
1.398
1.398
1.398
1.398
1.398
1.398
1.398
1.398
1.398
1.398
1.398
1.398
1.398
1.398
1.398
0
1.398
1.398
1.398
1.398
1.398
1.398
1.398
1.398
1.398
1.398
1.398
0
1.398
1.398
1.398
1.398
1.398
1.398
1.398
1.398
1.398
1.398
1.398
1.398
1.398
1.398
1.398
1.398
1.398
1.398
1.398
1.398
1.398
1.398
1.398
0
1.398
1.398
1.398
1.398
1.398
1.398
1.398
1.398
1.398
1.398
1.398
1.398
0
1.398
1.398
1.398
1.398
0
1.398
1.398
2.7959
1.398
1.398
1.398
1.398
1.398
1.398
1.398
1.398
1.398
1.398
1.398
1.398
1.398
1.398
1.398
1.398
1.398
1.398
1.398
1.398
1.398
1.398
1.398
1.398
1.398
1.398
1.398
1.398
1.398
1.398
0
1.398
1.398
1.398
1.398
1.398
1.398
0
1.398
1.398
1.398
1.398
1.398
1.398
1.398
1.398
1.398
1.398
1.398
1.398
1.398
1.398
1.398
1.398
0
0
1.398
1.398
1.398
1.398
1.398
1.398
1.398
1.398
1.398
1.398
1.398
1.398
1.398
1.398
1.398
1.398
1.398
1.398
1.398
1.398
1.398
1.398
1.398
1.398
1.398
2.7959
1.398
1.398
1.398
1.398
1.398
1.398
1.398
1.398
1.398
1.398
1.398
1.398
1.398
1.398
1.398
1.398
1.398
1.398
0
1.398
1.398
1.398
1.398
0
1.398
1.398
1.398
1.398
1.398
0
0
1.398
0
1.398
1.398
1.398
1.398
1.398
1.398
1.398
1.398
1.398
1.398
1.398
1.398
1.398
0
1.398
1.398
1.398
1.398
0
1.398
1.398
1.398
1.398
1.398
1.398
1.398
1.398
1.398
1.398
1.398
1.398
1.398
1.398
1.398
1.398
1.398
1.398
0
1.398
1.398
0
1.398
1.398
1.398
1.398
1.398
1.398
1.398
1.398
1.398
1.398
1.398
1.398
0
1.398
1.398
1.398
1.398
1.398
1.398
1.398
1.398
1.398
1.398
1.398
1.398
1.398
1.398
1.398
1.398
1.398
1.398
1.398
1.398
1.398
1.398
1.398
1.398
1.398
1.398
1.398
1.398
1.398
1.398
1.398
0
0
0
0
1.398
1.398
1.398
1.398
1.398
1.398
1.398
1.398
1.398
1.398
1.398
1.398
1.398
0
1.398
1.398
1.398
1.398
1.398
1.398
1.398
1.398
1.398
1.398
1.398
1.398
1.398
1.398
0
0
1.398
1.398
1.398
1.398
1.398
0
1.398
1.398
1.398
1.398
1.398
1.398
1.398
1.398
1.398
0
1.398
1.398
1.398
1.398
1.398
1.398
1.398
1.398
1.398
1.398
1.398
1.398
1.398
1.398
1.398
1.398
1.398
1.398
0
1.398
1.398
1.398
1.398
1.398
1.398
1.398
1.398
1.398
1.398
1.398
1.398
1.398
1.398
1.398
1.398
1.398
0
1.398
1.398
1.398
1.398
1.398
1.398
1.398
1.398
1.398
1.398
1.398
1.398
1.398
1.398
1.398
1.398
0
1.398
1.398
0
1.398
1.398
1.398
1.398
1.398
1.398
1.398
1.398
1.398
1.398
1.398
1.398
1.398
1.398
1.398
1.398
1.398
1.398
1.398
1.398
1.398
1.398
1.398
1.398
1.398
1.398
1.398
1.398
1.398
0
1.398
1.398
1.398
1.398
1.398
1.398
1.398
1.398
1.398
1.398
0
1.398
0
1.398
1.398
1.398
1.398
1.398
1.398
1.398
1.398
1.398
1.398
1.398
1.398
1.398
1.398
1.398
1.398
2.7959
1.398
2.7959
1.398
1.398
1.398
1.398
1.398
0
1.398
1.398
1.398
1.398
0
1.398
1.398
