601.7486
600.3066
598.1873
598.8256
600.7487
598.5336
597.6311
601.9074
601.9954
599.0710
598.2950
599.4435
598.0816
599.3226
601.9729
597.5792
598.4535
601.0103
597.8990
598.5112
601.8278
600.2678
602.5256
601.0461
597.8598
600.3474
597.2184
602.6718
598.8894
597.8623
600.6805
601.1028
600.6930
601.1733
597.4852
600.6631
601.2906
602.1371
599.0560
597.8561
597.6589
600.3288
600.6760
600.6084
598.7208
599.3709
602.4565
602.6560
598.2769
598.8255
602.4800
597.3553
599.0576
600.0531
600.8997
597.4057
600.2816
598.4273
601.2413
602.8104
598.0123
600.5919
600.0646
602.3184
601.5074
598.6074
598.8534
602.2212
600.5944
599.3264
598.5876
602.9498
600.6406
598.1701
597.1986
602.8034
599.6104
601.7395
597.9068
598.2665
602.8936
602.9297
600.4863
602.1284
599.9636
600.5799
599.8706
602.0988
599.9053
598.9934
600.9055
597.4768
602.4134
601.2501
602.0996
597.4412
600.9039
600.6439
598.7568
602.8394
602.1998
602.7899
599.1195
599.0176
598.9409
598.6371
601.5072
602.5639
600.9656
597.0870
597.8937
602.9661
601.6808
597.7050
598.4303
602.6203
601.8448
599.6635
598.4777
598.4854
597.9123
599.4901
600.7332
602.4110
598.2500
600.0626
598.6814
602.7695
602.7479
599.6788
601.6302
598.2655
599.0333
598.5307
597.1536
600.0163
602.6465
601.2588
600.0786
599.4033
598.9257
598.3682
600.0381
598.2574
600.5044
602.2044
601.5268
601.1740
599.4328
602.8127
602.2011
601.9078
600.5565
602.5094
601.5219
601.3890
602.0131
601.4829
601.1751
601.1764
599.7985
600.4915
601.3734
601.5730
601.1628
599.9223
597.6173
597.4808
598.1530
597.7327
600.3355
599.4813
599.2171
598.3985
601.5278
599.1663
600.3405
599.8543
599.1659
598.1030
600.6285
602.0716
597.8210
597.5278
600.3306
599.4599
599.5700
599.0131
601.2964
601.9790
598.7724
600.6763
600.0171
601.8290
601.3956
599.4276
600.8434
599.2282
598.5774
601.5200
597.5772
597.0949
598.4498
602.8985
602.8776
602.2435
600.4358
600.9338
598.1187
601.7691
600.0323
599.3785
597.7853
597.3252
598.3281
597.7402
600.0335
598.4628
597.0984
598.5011
597.7982
598.9848
601.9914
602.9121
597.3590
599.7326
602.7254
599.1252
602.9262
599.9818
600.2510
597.3082
598.7584
598.3021
599.2075
601.3578
597.3073
597.6984
598.0011
600.2461
601.7666
601.9750
599.3723
598.5990
598.8176
598.1196
601.7857
598.7483
602.9680
602.9697
602.8337
601.7428
602.6083
598.5494
598.6359
597.3000
597.2977
602.4019
600.4099
598.5744
598.3278
602.8045
598.3650
600.4011
598.6087
602.1071
599.2481
601.3229
602.9466
600.3382
597.1011
598.4185
600.2504
601.3116
598.8837
600.6908
597.6280
599.2255
600.4020
597.0527
597.7232
601.9213
601.5050
599.6250
602.4563
599.5361
602.0200
601.4314
601.8142
599.5344
597.8283
600.4533
602.9238
598.1433
597.9457
598.0506
597.6619
597.7490
598.0104
599.2663
602.4752
597.6436
601.8103
599.2362
601.9249
601.5689
601.2605
597.0585
600.4945
602.7388
597.0179
600.9831
601.7067
602.8264
598.1240
597.5476
599.4041
600.6885
598.8344
600.8357
597.7307
597.6250
599.4167
597.3234
602.6912
601.5403
598.2584
601.4229
599.9513
599.0572
597.8378
601.9304
602.1893
601.1088
598.4951
598.0088
598.1087
601.8799
598.1267
601.7676
602.8879
600.2893
602.9090
599.9515
601.9515
597.7854
598.3145
601.6751
597.0212
601.7083
597.8842
602.6726
599.2246
598.3252
602.7463
597.5973
599.3741
602.6243
598.2881
602.3110
600.9934
599.0854
597.8143
599.9249
602.6810
601.0811
602.8032
598.4276
599.4705
602.2126
600.5749
598.4837
599.0244
599.6071
600.7214
600.5063
601.2184
602.5505
598.3377
601.5675
597.8153
600.6666
598.9090
600.1097
597.1818
601.2912
598.5726
600.2032
602.0144
599.2461
599.6266
597.0265
597.8514
602.5447
601.9935
597.7833
600.0407
599.7949
602.8152
601.9086
597.9557
601.7248
600.7924
599.5287
601.6341
598.9492
599.6029
599.6976
600.6532
597.5102
602.7819
597.8030
598.2016
599.9186
602.3579
599.4388
601.7894
597.2565
597.1809
598.0043
600.0827
600.5044
600.9835
600.0186
602.6557
602.3779
600.7313
597.5915
599.7639
597.5280
602.7445
600.4134
597.0928
600.5830
600.6260
598.4562
597.8461
600.4088
601.7332
597.7205
602.3309
600.6419
599.6109
599.7178
600.3406
602.1036
600.5754
599.4195
600.6832
602.0610
597.5746
599.4321
600.5628
597.3927
597.1944
601.0274
600.9161
599.1898
597.6647
599.9345
600.3674
600.7729
598.9640
600.3471
600.0508
602.4054
600.9063
600.3045
600.5902
602.1959
601.2730
597.6543
602.6900
600.1178
598.8447
597.5715
598.8323
600.2700
598.4298
602.8053
597.1089
599.1092
597.5397
600.1617
601.3201
597.9870
597.6639
598.0603
600.1760
598.0479
598.6549
602.7179
599.6074
597.8239
599.2706
601.9643
598.7469
597.2397
601.1006
600.3688
598.3004
600.9945
599.9702
602.6073
598.8953
597.6287
597.1208
601.6087
597.9138
598.3111
599.2968
600.7123
601.2865
599.8578
600.6251
601.9877
598.2953
602.5185
600.5970
598.8376
601.7303
597.3804
597.6911
598.4366
600.2496
598.7720
597.1957
600.2412
597.7836
600.5799
601.5472
599.6798
601.0623
600.2976
598.8877
600.9886
602.5627
599.3750
598.1795
599.1227
600.8754
598.2298
602.3898
597.9788
601.2006
598.8277
602.2504
597.7930
600.0142
602.7373
598.4184
597.7566
601.3737
597.3977
599.1559
597.3880
598.9066
597.2449
598.4384
598.0853
598.6573
600.6403
598.4203
598.7168
598.3216
599.7491
602.7939
601.8646
600.2154
597.5565
597.5110
602.8676
602.8685
602.9833
602.2509
597.0148
601.7606
600.9297
598.1127
598.6972
599.7282
599.0026
598.6142
599.0156
597.1585
600.4896
602.8627
600.6383
600.0452
598.2770
601.1425
599.5075
597.5309
597.9009
597.5008
599.3420
599.1451
598.0993
599.4366
599.8702
602.1276
601.7043
599.8395
602.0341
601.9609
599.2182
598.1009
602.5585
599.4367
601.8466
597.9233
600.3493
601.9678
598.5361
602.2993
600.6298
602.6863
602.4096
602.3025
599.7834
601.6250
598.9624
598.8402
602.4708
601.2174
602.9779
600.5485
602.1488
601.4467
601.1162
602.7761
597.8485
601.9790
601.0396
597.7572
597.2204
601.0996
599.8720
599.5330
600.5639
598.8395
598.5797
597.1693
601.4471
602.3124
601.5797
602.8064
597.2181
601.3620
599.9440
597.0930
602.1374
602.9523
598.0072
599.3045
597.4665
601.4336
601.4282
597.6876
597.2244
602.2875
599.5575
601.1460
599.7469
598.0204
601.7069
601.9987
598.5221
598.3069
602.9107
602.1579
599.1055
601.2182
601.3238
599.8661
602.4282
601.3831
602.9195
602.3121
601.6377
602.1418
599.1293
599.0026
600.5799
600.1397
600.0712
600.9710
597.6978
597.8816
599.4084
597.3530
597.4697
599.9251
599.8904
600.5552
602.2103
601.2645
602.8957
602.3148
599.9538
599.9935
598.9331
600.1114
597.7170
597.6472
602.8899
602.2474
599.4079
600.4516
600.3882
601.4986
599.1459
601.2198
600.3438
600.8772
602.3759
601.6659
597.2844
600.1945
601.6593
599.0024
598.1548
598.0034
601.7346
599.8192
598.3472
600.7537
597.9789
600.0195
601.5002
600.4390
600.7795
598.2435
599.7590
602.7118
601.3840
602.5470
601.5534
602.5417
602.8446
598.0283
597.8414
599.8897
601.4077
599.0528
602.8505
600.2246
598.2355
599.2363
599.2737
600.1949
601.6406
601.4917
601.7423
600.1127
602.6220
600.1823
600.5706
597.6190
601.9352
602.8394
599.1231
597.3095
602.1386
601.5537
599.6085
598.2033
598.7384
600.0605
598.3194
601.1727
597.4724
597.6715
599.5008
599.9005
601.6575
597.2817
597.8252
598.9418
602.0654
600.1623
598.5136
598.3777
602.1934
599.1374
599.9982
598.9733
598.4635
601.1058
601.3350
597.1925
602.9879
598.9991
602.6919
599.8468
602.7483
600.3879
602.2715
602.4455
601.0876
601.0449
601.6212
598.7174
598.2923
601.2134
602.5266
601.1357
598.8994
600.4782
602.2141
600.3210
600.4556
598.4459
602.3548
599.8202
602.5797
598.0578
597.2044
601.0384
597.3373
600.9035
601.5728
598.0656
602.6017
598.6042
600.6885
598.4164
597.8824
602.3771
597.6009
600.8283
600.6806
602.4308
602.9553
597.7145
601.0544
598.1472
601.4660
602.7586
598.5132
601.9567
597.5637
599.5478
600.7164
598.3412
601.4683
597.2062
597.6361
598.7868
597.1091
600.6741
600.0476
597.8973
598.7516
602.8807
598.8899
601.0589
597.0375
598.7273
600.5598
601.6763
599.3484
600.3263
597.0878
598.0265
599.2413
598.6102
602.2193
599.2966
597.0459
602.9587
599.2816
598.3888
600.4982
601.2126
597.9883
601.8161
599.9796
601.3583
599.7454
600.3466
602.1577
601.9726
599.4154
597.6263
598.3724
597.5169
599.3757
602.2713
600.6236
598.0424
602.2796
597.2449
602.3474
600.0733
598.4841
601.9178
597.5547
601.0034
597.6108
600.9801
599.4308
601.5432
597.2725
601.9341
601.7187
602.3151
599.5194
597.9583
600.8082
597.9100
600.1105
602.2989
600.2858
600.8369
598.9604
598.5167
599.3036
598.1135
601.8735
598.5560
602.2351
597.3160
602.2947
599.8116
599.2411
600.5067
598.2403
598.7608
601.1824
600.0294
599.3302
600.1622
600.4765
598.3147
599.7249
602.7875
602.0409
600.2678
599.8332
602.4216
598.0310
602.9820
600.5203
599.4552
601.3470
601.5443
602.5930
602.8317
597.7983
598.8454
602.6749
599.4575
600.2621
601.4007
598.2507
599.0152
600.0449
602.1511
598.2216
602.9597
599.6514
597.2585
599.6956
598.2511
597.2433
601.4922
597.9985
602.9971
599.9204
598.4807
597.1196
602.8706
598.4837
599.0798
600.3147
597.8835
600.0786
597.2606
597.7766
602.2667
599.5265
599.4496
600.0317
602.9637
597.7975
602.6731
601.4846
601.3841
597.1339
597.1937
600.9996
598.4778
598.9274
597.6640
597.5659
598.6529
598.1934
599.4426
598.7571
597.5032
601.4343
601.9528
601.0659
599.0406
601.4502
601.9314
600.5486
601.8182
598.8865
599.7573
602.4895
600.0868
599.1052
597.3091
600.0039
598.3691
601.2365
600.0161
600.1494
600.5339
597.4915
601.8879
598.1773
600.6150
598.3810
602.8494
600.3759
601.1067
601.7072
599.1509
600.6465
597.1318
597.7048
600.9164
598.1713
598.7065
597.2906
600.9399
599.9846
599.4736
599.5015
597.5156
602.1369
598.8907
600.9923
599.4135
597.7578
599.4240
597.4520
601.4067
598.3672
602.8440
597.2275
599.4570
598.9074
601.0172
599.3668
598.8543
598.1691
602.4890
599.8257
597.9600
602.6724
598.0467
601.5734
597.6578
601.1658
600.8433
600.0834
602.1423
601.9750
598.5553
601.2938
598.4939
600.5304
599.3649
599.8485
601.6907
599.1828
600.7456
598.1828
601.3029
602.5080
599.9638
601.6030
598.2603
602.4605
598.1251
597.2284
600.5506
598.8177
599.9428
599.3566
600.6641
601.5828
602.7678
599.1260
601.7704
599.3578
601.8387
599.9030
598.8572
598.4146
598.9655
597.0187
601.2423
599.6241
597.9726
599.5364
597.3892
602.6603
601.6615
602.4989
602.4544
598.0521
600.7588
598.1538
600.7748
602.9935
597.9813
601.9862
597.9508
602.4630
599.3992
599.5119
601.5064
597.8560
597.5301
599.7588
597.5743
599.1810
599.4076
602.9601
602.7072
597.5942
600.0337
600.3795
599.0091
599.2621
598.9011
599.1634
599.0486
602.5877
602.4059
599.4732
598.2283
598.3584
600.4114
600.7138
599.5750
601.7010
601.8746
601.7616
597.0698
600.7823
600.0937
601.8901
599.4821
601.5341
598.3708
601.3868
602.4780
602.5079
602.1788
598.2107
599.1490
598.9781
598.0008
599.6266
599.8257
601.4597
602.0867
599.1078
602.4712
598.0908
600.8887
602.3123
600.5217
598.3042
599.5942
602.0481
600.9029
599.3718
597.4698
599.6156
601.6810
602.1609
602.2675
598.1067
597.0745
602.0282
602.3047
600.5618
597.2326
601.8538
601.7677
601.1604
597.1626
600.1211
597.6706
600.7305
599.4466
602.7931
598.4247
599.2109
601.3495
597.7002
600.1013
600.2477
599.7677
598.0656
601.9117
599.9945
599.0235
599.9366
600.8501
600.1964
600.6379
597.4505
598.0042
602.2696
600.1028
601.8624
598.3496
602.2153
600.1028
602.3629
600.2518
600.1680
598.0198
599.0548
602.9100
597.5871
600.4399
597.4282
601.2850
598.6964
597.6873
600.1055
598.0089
598.3065
601.4537
599.5204
602.5077
598.6513
600.6624
601.9417
597.7599
601.6555
600.0455
601.2968
600.3874
601.1886
599.2701
602.1320
602.3223
602.7611
601.1782
598.6059
597.9706
597.0214
599.1507
602.7857
601.5545
601.3376
602.6563
601.8042
599.7787
597.9601
597.8663
600.1628
598.1704
598.7525
599.9393
600.7614
601.5311
600.1145
600.1290
597.7989
600.9250
597.8711
602.9844
600.5221
597.5762
598.2029
598.7990
599.9454
599.3384
602.5506
600.5218
598.9028
598.0971
602.2539
601.0055
602.7251
597.3638
598.1909
597.1166
597.2753
602.8324
600.8461
600.4746
601.8985
601.3917
599.6048
598.5579
600.3534
600.1424
598.7388
599.8451
602.7299
601.0435
597.6620
601.4730
601.0811
598.7973
600.6223
600.4763
602.6433
601.0942
597.1542
597.8258
600.3305
601.7255
600.4037
602.4417
602.4170
597.7667
599.8010
599.7409
599.3550
599.4721
601.7698
600.1671
599.5812
597.7322
600.0038
600.1844
600.3996
600.0092
601.4519
599.4129
597.1997
598.4313
602.6924
601.3441
602.8085
602.8793
599.2845
600.5752
601.1049
599.7947
602.3183
601.9892
598.8310
600.0218
602.4896
602.2467
600.8207
600.8782
600.1572
600.0454
600.2609
599.4329
600.1926
600.4096
597.9935
602.1033
602.5186
602.2970
599.2686
600.2398
597.5070
601.1903
599.6326
600.4691
601.1180
600.8965
599.7456
598.9122
599.6745
599.1256
600.4903
597.8497
599.0319
602.9766
597.4966
599.9490
598.9945
599.1097
599.1554
602.6109
600.4533
600.5969
599.4947
599.4451
602.6650
597.4474
602.7174
602.7342
601.0047
602.8714
601.0537
597.9537
601.9184
601.0712
601.8409
600.3149
598.5599
598.4605
601.3426
601.5633
598.3508
601.2885
602.9708
602.3872
600.4679
602.2575
601.8261
597.3069
599.1707
597.8631
602.7870
597.1443
602.7070
601.0034
602.9503
597.4904
602.7688
601.3207
601.7785
600.1988
599.3350
602.6630
600.9242
598.5462
599.4358
601.6435
597.4314
600.0761
584.1050
564.1113
549.2120
532.2196
514.9556
502.6344
485.5770
464.1353
448.4336
436.0341
416.8927
401.2767
384.1259
365.7468
351.2183
335.3508
319.5360
300.9410
283.2774
267.1067
248.4043
234.1333
214.5006
199.6980
180.8456
167.1591
147.4582
131.5467
114.7491
102.8425
85.5826
68.8026
51.4129
30.8069
16.9665
0.5551
-0.4511
-0.1773
0.8540
-0.4917
-0.7349
0.7408
0.6201
-0.3234
0.3230
-0.1943
-0.0255
0.5918
0.8636
0.2335
0.6003
0.9453
0.8130
-0.7268
0.9361
0.5531
-0.9801
0.1526
0.0222
0.4151
0.6779
0.9291
-0.1935
0.7165
-0.5111
0.5787
-0.7606
0.1048
-0.0235
0.7296
0.5912
-0.1334
-0.2592
-0.0898
0.9299
0.5029
-0.5405
-0.6383
0.7190
0.8551
-0.9558
0.5943
-0.6140
0.0743
-0.8103
0.4472
-0.9497
0.6917
-0.2209
0.8448
0.2167
0.2369
-0.7241
0.5034
0.4367
0.3200
0.3710
0.2406
0.4217
-0.8340
-0.6600
-0.8481
0.3777
-0.7808
-0.3361
-0.7624
0.4706
-0.4494
0.5746
-0.8147
-0.6626
0.4018
0.2702
0.5009
-0.1889
0.3118
-0.9370
0.0356
-0.8491
-0.6523
0.0002
-0.6122
-0.8084
-0.0027
-0.6536
-0.4783
0.6020
-0.8276
-0.1725
-0.0295
-0.3826
-0.4096
-0.6555
-0.5405
0.3804
0.7966
-0.1470
-0.0963
-0.2426
0.5826
-0.3101
0.7636
-0.1905
0.6697
-0.1015
-0.5484
-0.9861
-0.3168
0.5021
0.0138
-0.2032
0.4255
-0.1249
0.4895
0.7374
0.6686
0.1064
0.6447
0.6600
0.6830
0.6517
-0.0199
0.2857
-0.1206
0.1239
0.2046
0.0945
-0.5907
0.0066
-0.5116
0.0574
0.2773
0.2644
-0.6908
-0.3204
0.5853
0.1777
-0.8192
0.5713
-0.2826
-0.8876
0.6253
0.8201
-0.8813
0.5555
0.3978
-0.1789
-0.1861
0.1765
-0.8028
-0.8248
0.1621
-0.4092
0.7017
0.1386
0.2117
0.2990
0.6096
0.5984
0.8995
-0.5889
-0.2528
-0.1135
-0.1986
0.4760
-0.1495
0.9684
0.7034
0.5166
-0.8267
0.2140
-0.2713
-0.6176
-0.1323
-0.3868
-0.7389
-0.7280
0.3822
0.1398
0.6248
-0.7077
0.2250
-0.7080
0.9078
-0.4698
-0.0403
0.4702
-0.4776
-0.9086
0.3801
0.9853
-0.3135
-0.5300
0.5015
-0.9183
0.7298
0.4858
0.3724
-0.0671
-0.1583
0.4205
0.8067
0.3671
-0.0790
-0.5838
-0.7588
-0.2260
0.9966
0.0818
-0.8928
-0.1691
-0.7721
-0.6702
0.3919
-0.4411
-0.1294
0.0640
-0.7774
-0.9549
-0.6731
0.2015
0.9178
-0.5365
-0.1308
0.5288
0.0480
-0.7688
-0.3440
-0.9189
-0.5849
0.4976
-0.1455
-0.3749
-0.2670
0.8461
0.6826
0.7482
0.8347
-0.7741
-0.5596
0.8865
-0.5819
0.3833
0.2081
-0.9084
0.9732
-0.5518
-0.6460
-0.1473
0.1294
-0.8123
-0.8194
-0.9941
-0.7027
-0.4701
0.5988
0.2609
-0.7580
-0.2561
0.3026
0.2731
0.8656
-0.2496
-0.3424
-0.9997
0.9290
-0.6328
-0.9277
-0.5024
0.0457
0.9652
-0.7794
-0.8071
0.3337
0.0991
-0.5285
-0.8455
-0.1013
0.3976
0.5199
0.4958
0.3941
-0.3764
-0.9359
0.6154
0.1865
0.7767
-0.3086
0.3700
-0.5414
-0.7110
0.8013
0.4509
-0.8869
0.5614
0.5300
0.1957
0.5175
0.7148
0.7295
0.2098
-0.3478
0.8617
0.8303
-0.8578
0.6962
0.5105
-0.3352
-0.4956
0.6640
0.2963
-0.7635
-0.0019
-0.5709
0.7250
-0.2046
0.1356
0.6777
-0.2435
0.0132
0.4005
-0.1828
-0.5443
0.6553
0.9562
0.9174
0.7341
0.2321
0.2094
-0.6222
-0.0691
-0.4631
0.3488
-0.0748
-0.0529
0.2186
-0.1514
-0.6205
-0.2672
0.8901
0.9642
-0.9492
-0.7481
0.5896
0.3419
-0.6674
0.3618
0.1377
-0.6317
-0.8789
0.0840
-0.6960
0.8808
0.7151
0.1836
0.7340
0.9158
-0.7540
-0.3486
-0.0695
0.6433
0.3140
-0.5479
-0.0091
-0.0363
-0.2055
-0.7811
0.4071
-0.6663
0.8759
-0.3453
0.7249
0.6926
-0.2066
0.9449
0.2613
-0.4791
-0.1900
-0.5532
0.1755
-0.8513
0.1257
0.2528
-0.9042
0.9347
0.9757
-0.5802
0.9805
-0.4514
-0.8952
-0.2933
-0.7436
-0.6388
-0.0312
-0.0802
0.8808
0.3442
0.7945
0.3406
0.6023
-0.6904
0.9677
0.6426
-0.4602
0.6819
-0.4591
-0.6299
-0.7819
-0.1152
-0.9183
0.2224
0.2842
-0.0425
-0.7607
0.7029
-0.1790
-0.4807
0.7859
-0.2267
-0.7700
-0.3549
-0.3769
-0.3434
0.3155
0.0373
-0.0160
0.3268
0.3609
-0.8860
-0.3363
0.1364
0.7555
-0.5952
0.9434
0.9018
0.1334
-0.3276
0.6570
-0.9874
-0.5801
-0.7155
-0.7677
-0.7290
0.2181
-0.0779
-0.1436
-0.3567
0.5906
0.2415
0.3542
-0.5706
-0.1880
0.2705
-0.3439
0.4007
0.8123
0.5755
-0.5987
0.5424
0.4958
-0.3133
-0.2689
0.7682
0.9495
-0.5163
-0.4601
-0.5462
0.3817
-0.9565
-0.5436
-0.1939
-0.0647
-0.3666
-0.5437
0.1490
-0.4426
0.3908
-0.7339
0.6611
-0.9009
0.0071
0.5347
-0.4332
-0.2702
-0.1057
-0.9026
-0.5314
-0.1868
-0.3897
0.6873
-0.4003
-0.2809
0.1074
-0.6063
0.8648
-0.1631
-0.8341
0.9244
-0.2787
0.2318
-0.6496
0.7851
0.4513
-0.2242
-0.2981
0.5806
0.6550
0.3540
-0.2278
0.4087
-0.1514
0.0196
-0.1186
-0.5783
-0.6751
-0.1051
-0.0312
-0.2477
-0.6067
0.5058
-0.4946
0.9745
-0.0172
0.2864
0.1192
0.8377
-0.4979
-0.9141
0.8871
0.8433
0.0641
-0.9974
-0.7893
-0.9345
0.0235
0.1942
-0.8941
0.9721
0.4262
-0.5570
0.1962
0.0681
-0.8976
0.6576
0.9405
0.3080
-0.1847
-0.4868
-0.0076
-0.6400
0.8318
0.1490
-0.0831
0.6074
-0.5808
-0.9697
-0.7933
-0.7739
0.0255
0.9245
-0.1587
0.9549
0.4223
0.4174
0.6488
0.1283
-0.0900
-0.5288
-0.7324
-0.7843
0.1073
-0.2060
0.2507
0.3663
0.4977
0.8232
-0.7193
-0.6262
-0.1595
0.5196
-0.4867
0.7068
-0.0760
0.9742
-0.2205
0.8220
0.2270
-0.5886
-0.5722
-0.2989
-0.5092
0.4632
0.9509
-0.1019
-0.6199
-0.6425
0.6405
0.9386
-0.1568
-0.1349
-0.2404
0.8827
-0.3508
-0.1805
0.7812
0.4720
0.2224
0.3297
-0.6896
0.8597
0.7608
-0.0078
-0.3452
0.8872
0.0123
0.4111
-0.2528
0.1015
-0.3027
0.2020
0.5001
-0.0528
0.2221
-0.8086
0.6607
-0.6260
0.7203
0.4355
0.1493
-0.1624
0.7249
0.9041
-0.9486
-0.3552
-0.9055
-0.6058
0.9325
0.6924
0.3277
-0.0774
0.4524
-0.2088
-0.3827
-0.8636
-0.1328
-0.2834
0.7733
0.0391
-0.3369
0.6831
0.7534
0.2062
0.9771
0.2823
0.3074
0.3928
0.4481
-0.8309
-0.7171
-0.1399
-0.7056
0.7891
-0.8278
0.6726
0.2220
0.2911
-0.7266
0.6586
0.0339
0.7849
-0.9642
-0.7170
-0.4590
0.0899
0.2068
-0.7176
-0.3202
-0.2440
-0.2671
-0.0401
0.8664
-0.9334
-0.3095
0.4674
0.7684
-0.5832
-0.2856
-0.9724
0.0964
0.1247
-0.5552
-0.8409
-0.8158
-0.4199
-0.0462
0.1790
-0.7308
-0.3433
-0.2620
-0.1259
-0.6636
-0.8380
0.4763
-0.3780
0.6445
-0.9185
0.6107
0.2122
-0.2452
-0.8982
-0.2897
0.4181
-0.7062
-0.6537
0.0063
-0.6213
-0.1217
6.4850
8.1688
9.9757
12.2463
16.6436
17.3694
19.3941
25.5449
26.6554
30.6841
36.2256
36.6273
40.1719
42.5284
46.0476
47.9396
50.2866
49.8090
55.8012
60.6776
61.1879
64.1582
65.5911
69.2749
69.2323
72.1066
75.7163
77.8732
82.3168
88.9756
90.2006
94.0256
94.7059
94.7393
98.3925
104.0402
107.5634
110.5218
110.6486
115.6755
116.9086
117.1710
123.9624
122.3287
130.7356
128.4985
131.4036
138.7909
137.9304
142.4404
147.4200
149.1056
148.8253
154.7920
153.8202
161.0440
160.3937
161.0815
169.4796
169.4664
175.0546
173.4303
180.0374
182.0184
184.8744
186.3223
187.1070
189.6486
192.3997
199.1744
199.4742
200.7448
208.2556
206.3049
211.6187
214.3462
218.6868
218.5711
222.6519
223.1110
229.9446
232.9363
234.2193
233.4032
240.4567
243.3135
242.4477
249.0978
249.3365
253.0659
254.8339
256.8673
259.1463
265.3734
263.7080
267.6982
274.0766
273.2511
278.9077
278.5092
282.1545
283.8844
290.6738
293.5230
293.8082
298.5903
302.1235
305.3148
304.5277
307.4633
313.4698
314.1828
318.3369
318.2959
322.7081
324.8306
330.0536
331.4417
334.2424
337.4880
338.8324
339.6388
346.9840
348.6845
348.0177
350.9368
354.7682
360.3160
358.4381
361.0321
368.2579
367.8816
370.8147
372.1530
375.4435
381.5325
383.8859
385.7368
386.2208
394.1240
391.5688
394.4572
400.8437
403.9408
402.7476
406.9226
412.2144
413.9950
415.7829
420.3397
420.6620
423.6544
426.5790
432.6165
432.6616
434.9928
440.9779
439.9501
445.6892
445.2016
447.6598
453.3962
456.8977
455.7410
458.5031
462.3135
464.1177
468.8759
470.8603
472.6231
477.3984
480.0706
481.4158
483.6923
487.7732
488.9766
495.0653
496.2301
501.0614
501.3261
505.3754
509.8451
508.4580
515.5626
518.5846
521.8211
523.6088
525.4800
529.3532
530.9345
535.2257
533.4373
537.0736
540.4680
543.1635
547.6951
549.9398
551.7199
556.0760
560.0104
561.2660
565.5251
569.0216
571.0584
569.9841
572.2449
576.8495
579.9742
581.3185
585.2142
586.9620
589.9380
596.6526
597.8572
601.5814
601.5351
602.0574
601.7914
601.5277
598.4813
600.4154
602.5642
598.7472
602.0452
602.4969
597.9499
597.6693
599.0985
600.8547
602.2704
600.1583
597.2537
597.2028
600.2093
601.4206
599.6235
601.8843
600.1016
598.2859
597.5053
601.0291
598.3353
597.3952
598.6541
602.2121
601.7580
597.1580
601.9045
598.9853
601.9646
601.2868
597.8638
597.5445
597.7839
597.6553
601.5218
602.6692
601.4786
598.1917
601.7470
600.1581
601.9598
601.7419
597.9725
597.0320
598.1606
601.9581
597.4532
600.1357
598.3690
602.3002
602.1950
601.6119
600.7568
602.7432
598.7628
601.2924
598.6736
597.2580
600.5391
602.7609
599.6789
601.0777
597.2931
601.0238
598.7813
598.7396
601.4410
602.1149
600.3967
598.8358
602.9306
599.4112
600.6445
602.5840
598.2009
600.5537
602.6968
599.6148
600.3332
601.9999
600.6075
599.8520
599.9958
597.1485
599.6335
601.9701
599.3044
599.5026
600.7111
600.6197
597.2831
599.4557
598.2238
600.6423
601.4748
601.3899
598.3819
601.3202
600.7183
600.3624
598.9996
597.0924
598.0498
597.1199
600.0583
600.6227
599.4149
599.7447
599.0022
602.4174
602.6634
602.6541
602.6473
601.1582
601.0417
597.6251
600.4037
599.6489
600.3698
602.0665
597.3088
601.1328
599.6221
597.6203
598.8208
601.3779
602.0019
602.0506
599.8611
600.0941
599.2145
602.8781
599.1391
597.0110
602.5584
598.5652
599.5208
602.5030
598.8700
598.5748
598.3447
600.0957
599.2807
602.3181
598.8748
601.5511
598.5357
599.0104
597.2890
601.8680
600.8821
597.4035
601.4689
598.8758
599.5311
600.0566
602.7452
600.0166
598.3423
597.0150
599.5115
601.5808
601.3797
601.9313
601.6966
600.1081
598.7032
602.7059
597.8784
599.2426
600.6944
598.7329
602.3451
599.3228
597.5935
597.9489
600.3357
600.0728
600.8880
598.9398
599.9513
602.7629
602.4075
602.0544
597.9963
599.5578
599.7044
602.7561
602.3976
599.7164
600.9733
602.8938
597.3188
599.6552
599.3380
601.6141
599.3695
601.4286
601.1835
600.7937
601.9803
598.0466
597.5304
598.7518
602.8059
598.5717
599.4347
601.3671
601.4751
602.3072
602.7448
599.6010
598.0784
599.0522
600.1093
602.7259
597.4305
599.2820
597.0422
600.2341
597.9217
602.3787
601.3923
598.3385
600.2579
598.8416
598.6840
600.5714
600.5156
599.0561
601.0160
597.3821
601.8528
601.6793
597.0037
599.0374
598.3208
598.7266
602.0477
597.0563
601.3914
597.3711
602.9995
601.1894
597.2769
599.1719
601.4586
598.0819
598.9049
602.7006
602.8422
598.9046
601.4461
597.8723
601.1595
601.1593
602.0389
602.2648
599.7346
602.9935
597.2054
600.4833
597.1912
598.6045
598.0322
598.6042
597.5294
597.4139
599.2485
598.4915
597.1241
602.7481
598.6607
601.1372
600.6794
602.3534
601.0821
599.1152
599.4554
598.5400
602.6886
602.6555
601.9706
599.8801
599.7342
602.6563
599.1275
600.1471
602.1124
601.9496
597.9419
600.9522
602.6972
597.8432
597.4969
599.2555
598.7387
601.6138
602.8032
598.7313
599.9466
598.3254
600.7770
597.7901
601.2366
597.9544
597.7503
598.9125
601.3023
598.7102
601.0386
597.6829
597.0488
599.8982
602.6758
597.6825
598.7814
597.8713
601.0238
599.1622
598.7014
601.6202
600.5720
598.5377
600.2666
597.4991
599.9280
598.9684
598.4457
600.5489
602.2445
601.8757
599.3206
602.6178
600.2755
597.6065
602.1871
602.4140
597.1233
597.3591
602.7502
600.2845
602.0502
601.4899
602.0927
601.8033
599.0246
601.2567
600.5930
598.1709
597.7838
600.7805
599.4100
602.3233
597.6790
600.1300
601.5053
599.5248
598.9973
598.2731
601.7777
597.7838
597.3294
601.3567
598.3354
601.9116
597.6694
597.8006
600.6994
602.1576
598.7815
600.4923
599.0158
598.7107
602.8682
601.2702
602.2885
601.2044
600.3401
600.1291
597.4367
601.0907
602.7167
597.5830
598.9720
598.4492
602.8730
599.0767
601.3127
597.9756
602.4037
598.1888
599.3371
597.5652
601.5873
598.9180
601.4791
598.5706
600.1371
598.6677
602.5717
598.9580
597.6535
600.9586
599.5588
599.1128
598.1509
602.4141
598.7985
599.8687
598.7566
602.7819
597.1684
597.9029
597.3330
599.2525
598.9343
599.8168
599.2138
601.5533
597.3902
599.0725
601.2124
601.9617
599.3042
601.6503
597.5384
599.1158
602.8240
598.1010
600.5829
601.0597
601.9234
601.9264
600.3717
601.5267
599.8640
598.9291
598.6353
599.4073
602.3987
598.0662
598.7861
601.2445
598.1272
597.3748
598.8410
598.7310
602.4636
600.1615
599.3292
597.8824
597.4619
597.6475
597.3527
601.3518
600.6119
600.1110
599.9152
600.9829
601.3055
599.5245
598.6522
599.1430
598.0280
599.9056
598.4028
599.3654
598.3486
600.3639
597.0706
600.0821
597.6756
602.2956
599.7607
600.1813
601.5467
602.8278
599.6841
597.9240
598.1204
602.9788
599.9385
602.8418
602.6805
600.3099
597.7343
599.8921
600.7920
597.7450
599.5254
599.2366
600.6670
599.5788
597.1541
597.5606
601.5258
600.4330
600.4486
601.9402
602.6391
601.3716
598.9688
602.6840
600.7381
599.8747
597.4109
600.3091
602.2685
600.8887
597.3198
602.5212
598.1955
598.4004
600.6034
597.9254
601.2349
598.0968
597.6385
597.9890
602.4509
598.6062
602.7311
600.5492
598.3608
602.4655
601.5487
597.3107
598.5873
602.3770
602.1335
600.2128
600.5889
599.7589
597.2854
599.6109
597.9000
599.6735
601.1689
602.6760
598.1441
598.2704
599.4891
599.7821
598.9381
599.0845
597.3112
597.3811
597.0543
600.2035
599.2425
602.5484
602.2587
598.8142
600.4150
601.8144
600.8993
599.7625
602.7688
597.2842
601.7169
598.5474
598.2617
598.9777
598.0359
597.9027
602.8794
598.0539
600.2558
597.6496
597.9662
598.4746
599.6718
600.1570
601.3296
599.5644
598.5992
599.2938
600.6349
602.9623
599.7476
599.6244
598.4212
599.0686
597.9924
600.7123
599.6305
601.1825
602.9137
599.4440
602.6884
599.0480
601.3176
601.2881
597.7276
602.9677
597.0172
597.3492
601.3689
601.5448
598.7600
600.5344
599.5607
597.4870
597.9169
597.3835
599.2837
600.1534
598.7377
599.4561
602.3906
602.6319
597.7099
602.2524
602.2253
598.8321
599.9575
599.3615
598.5523
599.3781
601.6733
600.1333
599.2901
600.6628
599.1728
600.0490
599.2750
601.3929
602.5482
601.5835
599.7404
597.5133
599.2958
598.2937
602.3449
597.2515
598.0802
598.9410
598.5522
600.4113
597.1486
600.6059
599.0643
597.1487
599.8272
598.8930
598.3728
602.4665
599.3191
598.2741
599.5084
602.8075
597.5065
598.2636
598.6523
600.1020
601.7366
600.0273
599.2453
602.1437
602.0758
602.2081
597.5225
602.6249
597.7439
598.3607
601.0531
597.3906
597.2015
598.6172
598.8313
601.2539
600.9364
598.1480
598.6204
600.3341
600.2117
600.5422
602.2063
599.8955
602.1682
601.6602
597.6766
601.2471
598.3387
602.7996
599.9179
600.8984
600.4865
599.9325
598.3487
601.0363
602.1639
599.0182
602.5994
597.3207
597.9869
597.4031
599.5978
598.8439
598.7798
601.8191
599.0031
600.7394
601.6027
602.6617
598.4821
602.4715
597.2506
602.1910
600.7809
599.3437
600.8534
602.7840
602.5310
601.8941
600.2437
599.1569
602.2285
598.9911
597.4018
597.2873
600.8527
601.4163
599.5350
602.4106
597.7506
599.2957
600.9189
597.2058
597.2586
598.9839
600.3455
597.9642
602.7123
602.3312
600.9640
602.4948
597.9301
597.7409
598.1183
599.6778
602.2394
602.5627
597.0004
602.7056
601.8514
598.0595
600.3460
597.0684
599.5774
598.1357
597.2742
599.6027
600.1362
600.2823
600.0041
601.0457
599.2970
598.8116
601.9606
597.5240
598.0090
601.9736
601.1232
598.7830
602.6475
598.9096
600.7730
602.2342
597.1637
602.5899
599.7961
598.4730
597.1085
600.5112
602.3375
599.6241
600.7973
600.8122
602.5706
599.7197
600.4800
602.5097
602.5266
597.8836
599.3837
600.4392
598.8964
597.7670
602.1367
597.3520
599.4397
597.9519
602.5184
599.2369
600.1279
599.6612
601.2404
599.1048
598.9531
602.4728
600.2081
598.4088
602.9525
600.0172
597.6042
597.9124
599.5171
597.7718
599.7025
598.0665
601.0070
602.9618
600.3012
599.8697
598.2687
599.8592
599.2941
602.5854
599.8591
597.1204
601.2941
597.0814
598.1702
597.4644
599.9519
602.0387
598.2285
597.6701
600.5634
600.8476
599.7396
598.1207
602.5380
601.3319
602.1575
599.7039
601.2244
599.5853
600.6816
602.6792
597.0816
599.8809
599.4049
602.4661
600.1003
601.2663
599.5248
599.9809
598.7588
601.9523
599.9338
598.2222
599.4732
602.6013
600.1699
600.0418
597.2747
601.8244
597.9337
601.5414
601.6582
601.6163
598.0503
599.0904
597.7641
598.6750
599.3684
600.5302
601.8042
600.5979
599.8247
600.1392
602.7521
602.5750
601.6764
600.3789
598.8168
597.5802
599.7206
601.7513
600.5877
598.8841
601.3667
597.8874
600.3297
602.1626
600.1893
598.6647
597.9952
597.8796
601.7244
601.8487
599.3340
601.3493
598.6333
602.2449
599.8953
597.3306
597.5620
598.7533
600.5719
597.6415
597.9562
601.1920
602.4658
602.2974
602.4627
599.9790
598.8225
597.4431
600.0673
601.3888
602.9407
599.2869
601.5083
597.3727
597.4006
600.1734
599.0925
598.9782
597.9098
597.8397
598.1870
602.4336
599.2467
598.3660
599.3721
601.8273
600.4218
602.9634
597.6417
598.4620
601.4666
601.9028
597.0492
597.1654
602.8224
597.7284
601.2471
599.9134
597.4333
601.9995
598.9627
599.8437
601.0737
602.9297
597.7664
602.4246
598.9509
599.5925
602.3987
598.7955
598.7229
600.3305
596.7890
598.5912
592.4233
592.8990
591.4577
594.2246
594.6543
589.4956
587.4301
590.2230
587.3229
588.9271
584.6962
584.1325
586.9725
582.2333
583.3570
583.8585
579.0782
581.8119
581.8787
578.5486
577.3426
573.4447
572.2626
573.6747
575.7405
569.6497
570.2291
570.5811
568.9964
570.2691
568.4317
566.3671
565.2276
564.5945
563.7482
564.9089
560.4985
561.5373
560.3495
562.5957
556.9467
559.9529
559.1560
553.2711
554.7728
553.6453
551.5585
551.9783
552.7635
549.0133
551.2462
549.3549
545.2572
548.4985
545.3166
545.6465
543.7177
546.0237
542.1593
541.4403
538.3954
540.3338
540.1106
537.5108
538.2464
535.0864
537.6983
533.2690
533.3640
533.9770
530.0382
530.6437
529.1164
526.8288
527.0965
526.9167
523.8706
527.5507
522.8348
520.3789
519.8695
524.0305
521.7526
521.1229
519.3855
520.2137
517.4333
513.1140
515.4719
511.7612
514.2488
510.5549
511.8023
512.3083
511.3969
509.1663
508.5053
508.7533
503.3718
505.1106
506.1896
502.2743
499.9208
498.2499
499.7450
501.4468
495.2718
500.1156
496.7621
495.0873
497.0694
493.9098
494.6939
494.5120
492.1628
489.2902
490.7668
489.9378
488.8493
484.9552
486.3442
484.4800
485.3819
484.6885
482.9204
480.0423
480.1927
481.5655
479.0260
478.1907
473.8479
477.6170
475.5692
475.6614
474.2488
469.4516
469.4255
471.0118
468.6777
465.4801
465.0745
468.0843
466.0733
466.1534
463.5533
464.0817
458.6447
457.9681
460.5206
455.9898
459.6475
459.4627
456.4036
457.5599
456.9618
451.8081
451.6923
449.0967
453.4057
449.0225
450.8377
448.3821
444.2421
443.5565
445.0866
446.6626
442.1219
444.0511
440.8271
440.0649
442.0096
436.2646
435.5855
437.2969
435.2959
437.0309
432.7697
433.7526
434.0432
433.7151
428.2446
426.5148
425.9049
424.9465
427.2839
426.3318
424.2795
426.3909
423.8928
423.4599
422.8318
419.7265
418.5499
420.0947
419.7149
416.3688
416.9412
413.8772
411.4439
410.4505
415.0742
412.0117
412.4499
410.7724
408.0941
410.0135
404.1989
406.5204
402.2330
402.0982
403.5996
399.5527
402.3275
402.3095
399.0937
396.1991
398.4864
398.7765
394.7195
396.4895
391.2047
394.4011
390.7521
391.0278
389.4929
386.1740
388.1191
389.5720
389.1795
382.9384
386.2457
383.1097
380.5702
383.6517
378.1214
379.7406
377.7025
375.9116
375.0847
378.8369
375.7068
376.9147
370.9859
374.3061
373.9891
370.6767
369.2592
366.1466
367.6846
368.2716
363.8848
366.6366
363.3091
360.9807
364.6613
363.5162
362.2062
359.8271
360.5253
356.0039
358.3139
354.8045
354.0090
356.0879
355.9164
354.6023
353.1843
352.6232
350.2178
347.6995
349.8649
347.1692
347.0358
342.4991
344.4577
340.7219
340.7241
341.7935
340.1481
340.8509
336.7132
335.9443
337.8696
335.2828
333.0430
333.1931
334.2789
331.9513
332.2305
327.7303
332.3001
330.1415
327.2151
324.8130
327.7620
323.9087
326.2474
325.8604
321.6692
320.1454
320.9213
321.8073
320.3269
316.0002
315.9680
314.7983
316.2638
311.2183
314.5384
312.3858
314.0792
308.1177
310.8737
308.7410
307.3755
309.3105
307.2372
303.1918
300.9443
302.8373
299.3268
298.8571
299.0097
300.7386
301.1889
296.8004
297.2351
297.0396
297.5975
293.4370
294.9417
289.5647
294.0153
290.2791
290.3500
290.2973
288.8874
287.4045
284.6628
286.6607
285.2686
283.9102
280.3819
282.9361
279.0255
281.7098
280.1085
276.9240
278.2300
274.1484
275.1210
274.0775
274.9679
270.2257
272.5649
271.9853
271.5337
274.3223
279.2949
285.8176
288.6891
287.7239
294.9544
298.2654
302.5125
302.9035
304.6389
311.8519
312.9886
320.2787
319.6440
324.8226
328.4114
330.7307
332.0222
336.6825
343.3983
347.6547
349.1423
350.5238
356.7966
360.1133
360.8630
367.5612
367.3348
374.4827
375.7489
381.9262
385.1137
386.3291
391.5622
394.0962
395.2813
401.8069
401.4825
409.0707
409.6418
413.8632
419.9126
422.5340
426.2551
425.8475
433.5112
434.2690
437.4243
443.1891
442.6028
448.2249
454.0542
457.4314
456.4299
459.4549
464.3052
466.0445
470.1837
474.3841
477.8838
479.8765
487.3589
489.7455
491.7384
492.9956
499.5624
500.8459
506.9071
507.3205
514.9590
516.6655
519.3870
521.9808
525.6289
530.3785
534.4481
534.7194
539.4760
541.2151
547.8395
552.6851
555.5264
556.6535
558.2248
566.5509
566.4464
570.6308
575.0566
579.6882
578.9594
582.5095
589.7790
590.7563
593.4538
596.2860
602.7001
603.9466
610.9317
610.5897
612.9648
619.4101
621.9926
626.8667
629.5981
631.3039
634.2768
637.9046
641.2098
643.8060
648.2232
654.9662
656.6911
658.2023
662.3184
667.7720
667.4041
672.3516
675.8567
679.3307
685.8203
686.3706
689.9556
690.9958
696.5856
700.9291
701.2348
707.7619
708.1978
712.8665
714.6801
719.4385
721.6677
727.6954
729.1534
737.6189
735.9453
743.2699
747.8640
746.5664
748.8078
756.7596
758.3761
761.6697
766.5326
770.5965
773.5075
772.8424
777.6922
782.6832
784.8202
791.1702
794.3299
795.3983
800.3680
801.6391
807.0081
807.0346
811.4475
815.4015
820.8270
826.1412
828.0240
829.1816
834.7360
834.7268
841.7783
844.7030
844.6266
851.0133
851.6577
854.8597
863.1965
863.2623
869.1021
873.1760
873.0812
879.1630
882.3203
886.5801
891.0177
889.0633
892.6771
896.9189
899.2328
906.1259
910.4156
915.1026
914.9999
919.1413
923.0860
927.7963
930.1604
931.0720
936.7008
938.8514
942.9915
946.5994
950.2947
954.0689
956.7810
961.9148
964.1796
967.3342
969.0452
973.7551
974.4605
980.5293
982.2637
989.2605
990.3324
994.4664
997.1620
1001.0807
1006.4198
1006.4909
1008.5349
1014.9156
1021.0458
1023.1335
1023.0802
1029.3779
1029.7477
1033.8925
1039.9427
1039.7940
1047.1946
1047.0647
1053.6898
1054.4091
1056.6796
1064.0559
1067.7567
1071.6559
1071.2853
1075.8697
1077.3249
1081.4276
1084.7550
1091.6142
1093.6494
1093.9867
1102.8645
1105.2944
1105.2420
1107.8486
1114.4222
1116.5215
1122.4101
1121.2145
1125.6090
1132.1144
1132.6636
1140.0571
1138.2865
1143.5505
1145.6351
1148.7093
1156.2963
1159.2695
1161.4736
1165.1916
1167.5575
1174.3502
1173.4493
1176.3122
1183.7920
1185.9257
1187.4083
1190.4380
1198.0202
1201.3941
1202.0350
1203.4611
1207.3257
1210.9873
1216.3743
1217.0736
1226.1684
1225.0082
1230.7857
1233.2780
1235.6887
1240.7652
1246.4179
1249.0225
1249.4660
1253.1654
1255.5095
1260.4969
1262.3563
1267.0474
1269.4474
1274.7786
1276.1821
1282.7117
1285.9254
1288.5739
1290.4518
1295.7566
1301.0082
1303.3097
1306.9452
1308.7448
1314.2242
1313.2366
1321.5547
1321.9847
1322.8497
1328.8543
1330.7171
1334.8819
1337.4557
1340.1828
1343.7706
1347.1046
1355.8493
1359.3945
1358.0029
1360.8137
1365.2381
1368.5422
1375.1260
1374.9465
1377.6768
1383.8533
1387.5544
1389.8017
1393.9131
1395.7730
1400.6841
1403.4875
1408.9305
1409.8056
1411.6565
1415.8437
1420.1781
1426.2338
1428.1983
1430.5375
1437.7886
1437.3995
1439.3180
1446.7277
1447.5937
1452.3158
1456.9076
1457.1194
1463.8304
1465.9857
1470.3671
1473.5110
1478.6184
1476.8558
1482.5171
1486.1880
1491.1637
1492.8849
1497.7779
1498.0866
1460.4218
1417.2929
1372.3225
1331.8224
1290.3976
1249.1295
1208.9463
1169.1445
1127.8410
1082.8242
1040.5723
1001.0087
960.5101
918.3653
877.3556
830.5529
789.5990
749.5247
708.2183
664.1882
624.7210
583.7233
538.7040
499.5628
461.0468
418.5882
377.4762
331.4444
292.9595
248.1345
208.4306
168.1473
123.4698
85.3914
41.4694
0.5523
-0.7270
0.1700
-0.5941
-0.1201
-0.2961
0.5058
0.3325
0.7092
0.8570
0.0968
0.1033
0.1843
-0.8421
0.0975
0.6218
-0.9280
-0.6507
-0.7853
-0.6064
-0.9805
0.4984
0.4777
-0.3582
0.7973
-0.4814
0.6921
0.8702
-0.0311
-0.9913
0.0949
0.6643
0.1318
0.0983
0.5395
-0.1650
0.1579
-0.5464
-0.5033
-0.7595
0.2431
-0.3324
0.3318
-0.0355
-0.9405
-0.0836
0.3370
-0.8861
0.6408
0.4489
0.4033
0.4877
-0.0119
0.8469
0.0366
-0.6109
0.5070
0.1852
-0.5709
-0.6710
-0.3258
-0.9392
0.6843
-0.2284
0.6322
0.9663
0.7045
0.3731
-0.8368
-0.4872
-0.6490
-0.0437
0.4654
0.3411
0.7495
0.1682
0.7272
-0.2445
0.9848
0.3955
-0.0084
-0.8477
0.3628
-0.4798
-0.9047
0.3122
-0.9758
0.0460
-0.9896
0.7322
-0.0424
-0.3136
-0.8882
0.8895
0.1935
-0.4645
-0.6596
0.0110
0.4296
-0.9564
-0.8531
-0.0468
-0.8205
-0.3015
-0.1720
0.9097
-0.2043
0.7439
0.5751
0.6297
0.4269
-0.3322
-0.9987
0.2508
0.9863
-0.6064
0.3042
0.3830
0.8839
0.4953
-0.8003
0.1845
0.9211
0.7321
-0.3472
-0.1946
-0.2681
0.7744
0.1347
-0.6160
0.2639
-0.7090
-0.1947
-0.7391
0.0982
-0.5756
-0.4751
-0.8636
-0.1839
0.1307
-0.7873
0.0799
0.9642
0.3774
-0.0630
0.0869
-0.9992
-0.9102
0.6425
-0.8435
0.2760
-0.7542
-0.8705
0.2703
-0.5618
0.5748
0.4642
-0.5484
-0.8715
-0.8196
-0.8836
0.2848
0.0354
-0.6932
-0.1867
-0.1878
-0.6873
-0.8627
-0.7377
0.9317
0.7108
0.8088
-0.0531
-0.4019
0.0408
-0.6137
0.3705
0.6317
-0.3966
0.4633
-0.7266
-0.2739
-0.0739
0.5657
-0.2572
0.7595
-0.7919
0.9481
-0.1268
-0.5296
0.3236
0.5270
-0.6470
-0.7611
0.8272
0.5266
-0.4962
-0.0941
0.9839
-0.2190
0.6289
0.7530
-0.6632
-0.7445
-0.6723
-0.1209
0.9612
-0.4560
0.9244
0.0155
0.8861
0.1596
0.8674
-0.7927
0.0738
-0.5014
-0.6751
0.5013
0.0087
-0.4402
0.1121
0.3503
-0.7108
0.1268
0.3939
-0.3338
-0.8676
0.6967
-0.3688
-0.8850
0.2870
-0.3740
-0.7563
-0.0596
-0.0540
0.6525
0.3639
-0.0951
0.4309
0.4732
0.9610
-0.0664
-0.4390
0.9482
-0.4240
-0.6883
-0.5098
-0.3859
0.5232
-0.0237
-0.3689
0.1420
-0.3972
-0.4767
-0.3148
0.3993
0.5512
-0.7251
-0.8575
-0.7520
0.5571
-0.6032
-0.7377
-0.7118
0.3405
-0.9143
0.1692
0.4404
0.1024
-0.0972
-0.3215
-0.4374
0.0854
0.0743
0.0628
0.3998
-0.7148
-0.6318
-0.8774
-0.8320
0.9918
-0.1341
-0.0644
-0.0496
0.6732
-0.0292
0.4357
-0.1363
-0.1895
-0.9745
-0.3748
0.4117
0.4680
-0.6096
0.7191
0.4145
-0.3984
0.1040
-0.4539
-0.8582
-0.6261
0.0320
0.9352
0.3792
0.8200
0.2689
0.1130
0.0462
-0.8228
0.1123
0.4962
0.9975
-0.8414
0.1033
-0.7146
0.6380
0.1519
0.0588
0.7144
0.1321
-0.3733
-0.9393
0.3466
0.0478
0.0007
0.3167
-0.2895
0.0234
0.5711
0.4459
-0.4776
0.3318
-0.0711
0.6843
0.7470
-0.6427
0.1890
0.0448
-0.5978
0.2986
0.2403
0.8154
0.7455
0.1837
0.2313
-0.4242
0.0868
-0.7063
-0.3611
0.7074
0.9711
0.3466
0.5286
0.5027
0.8617
-0.8015
-0.7883
0.1662
-0.3818
0.4210
0.6416
-0.4612
0.2931
-0.0830
0.2351
0.7138
-0.9451
-0.6472
-0.0061
-0.1234
0.2713
0.4471
-0.3783
0.6947
0.8342
-0.2731
-0.2572
0.9484
-0.7756
0.4622
0.5546
0.4919
-0.1753
-0.4474
0.3740
-0.9476
0.2186
0.6193
0.3315
-0.8489
-0.8224
0.0652
-0.4423
0.8325
0.3561
0.7394
-0.2430
-0.4716
0.0322
-0.0550
0.1844
0.7897
0.4566
0.5676
-0.1151
-0.1412
-0.1706
-0.6542
-0.7567
0.5512
0.5390
-0.2114
0.4354
-0.4896
0.4907
-0.5158
-0.9746
0.0631
0.4545
-0.2342
0.0218
-0.5209
0.7380
-0.1825
-0.6506
-0.5813
-0.5191
-0.1216
0.5936
-0.9337
-0.7132
-0.8134
-0.9988
-0.9412
0.6693
0.3563
0.6573
-0.2686
-0.2113
0.9364
-0.0307
0.7113
0.4249
-0.2495
-0.3183
-0.9087
0.7887
0.6067
0.9494
0.6440
0.3652
0.1024
-0.4933
-0.9419
-0.7120
0.3970
0.5254
0.0320
-0.8819
-0.4214
-0.5330
0.8532
0.3856
0.6452
0.7445
0.5126
0.1934
0.7880
-0.0564
-0.3530
0.5054
-0.9382
-0.3458
0.8563
-0.1694
-0.8518
0.0540
0.9394
-0.2906
0.5199
-0.8179
0.4641
-0.9398
0.1055
-0.7869
-0.7779
0.4864
-0.2233
-0.7646
-0.2692
0.4439
0.0330
0.3646
-0.9221
0.3372
0.3739
0.6196
-0.2244
0.4995
0.0822
-0.7649
-0.2259
0.9271
0.5706
-0.8277
0.8042
0.3332
0.9361
-0.4083
0.4818
-0.7558
-0.3241
-0.0001
0.6681
-0.6934
-0.7178
0.9378
-0.4642
0.2590
-0.4433
-0.9123
-0.8364
0.5584
-0.0528
0.4117
-0.9881
-0.0237
-0.1047
-0.9382
0.3679
-0.1495
0.8446
-0.8753
0.5187
-0.1154
0.9097
-0.2175
-0.8366
0.5532
-0.3938
1.6052
77.5372
158.7839
237.1843
320.5478
402.5958
479.4386
558.6045
642.3633
721.9212
798.2760
877.7857
957.1717
1042.2510
1118.2635
1199.6240
1282.4101
1362.9500
1437.3436
1517.3094
1597.0913
1679.6468
1758.6771
1838.5735
1922.8450
1999.6555
2081.6528
2157.3896
2240.1915
2317.1366
2397.1439
2393.8324
2391.2598
2384.7605
2378.5470
2375.5928
2367.1093
2367.7437
2361.0147
2356.7180
2349.5078
2345.3061
2339.8463
2336.2712
2328.5316
2322.2778
2318.3094
2317.6540
2308.8558
2305.3363
2301.3356
2295.8582
2289.5333
2284.0072
2281.5047
2272.9976
2270.8831
2263.6567
2262.3936
2256.5407
2252.8456
2242.8378
2237.5364
2234.4630
2228.1376
2226.2356
2217.9664
2215.5656
2211.9802
2203.6483
2199.9572
2193.7564
2188.6736
2182.1648
2180.1268
2174.9669
2170.9152
2165.2021
2161.4812
2154.9506
2150.9321
2144.4054
2137.8822
2134.3158
2129.6235
2127.4230
2117.0221
2117.2572
2109.3549
2104.0917
2101.9526
2095.1904
2091.2604
2082.6573
2080.1132
2077.7947
2070.8238
2062.9215
2057.8631
2052.0692
2047.1115
2042.6603
2040.8405
2036.2192
2031.0823
2023.6897
2021.8249
2015.9818
2009.1671
2006.0306
2001.1897
1994.3014
1992.8686
1983.0081
1980.0724
1977.7639
1970.0595
1965.1111
1960.5697
1955.7623
1952.5668
1947.5664
1942.0541
1934.4091
1930.7470
1923.7247
1920.9919
1917.3674
1912.1850
1907.9804
1898.2475
1893.4086
1887.6291
1887.4689
1880.1211
1876.7476
1867.2101
1865.0768
1857.3115
1856.4366
1849.2327
1847.7046
1837.7340
1832.7339
1829.9573
1827.4750
1822.9500
1816.8002
1811.7298
1805.6275
1802.7136
1794.4380
1789.6952
1783.6986
1778.8451
1773.4173
1768.3767
1767.1477
1757.0098
1752.3675
1748.0462
1742.6007
1740.4262
1735.9939
1731.1989
1724.3447
1721.4674
1714.2861
1708.8358
1703.2408
1700.1057
1694.4108
1688.6937
1685.3475
1682.7551
1675.1311
1671.0887
1664.9645
1658.1114
1654.6997
1648.8191
1644.0965
1639.8241
1633.5633
1630.2709
1622.0674
1617.1831
1612.6040
1608.5412
1606.5545
1601.3984
1595.4047
1587.0948
1585.9350
1580.7751
1574.8638
1568.7280
1562.7053
1559.5875
1555.5467
1550.0202
1546.0222
1542.8793
1536.2703
1532.7059
1522.1336
1521.8303
1514.0336
1508.7651
1502.0516
1501.9205
1496.0610
1492.8420
1486.8612
1482.4550
1473.7092
1469.8719
1466.0576
1459.7965
1454.9986
1449.5656
1445.1984
1441.7265
1433.5356
1430.9835
1426.3694
1419.7155
1412.4547
1407.3986
1407.9588
1402.7469
1394.0984
1392.0692
1382.7599
1378.0734
1373.0554
1367.7294
1367.1824
1358.3417
1353.1340
1352.0440
1343.9700
1337.8119
1332.1608
1332.7734
1323.7700
1320.5871
1314.6358
1309.4650
1307.3696
1302.0887
1296.6951
1291.9832
1284.2742
1282.1870
1275.2020
1268.6727
1264.8411
1261.6479
1254.6306
1248.2522
1245.5880
1242.1668
1237.2396
1230.9100
1227.2718
1222.6227
1215.5514
1209.8078
1206.0659
1197.8650
1195.8974
1190.5722
1183.7690
1178.7325
1174.9869
1167.5104
1164.3348
1161.8833
1156.5331
1148.3394
1145.9839
1140.8852
1133.2870
1129.4501
1122.7764
1119.1113
1117.1471
1110.6121
1107.0293
1102.7986
1093.4924
1090.1696
1087.0348
1082.8459
1075.6112
1072.5179
1065.4451
1058.4810
1055.0788
1050.4869
1046.5827
1038.6557
1035.5364
1030.3972
1023.3955
1020.5054
1017.0351
1010.0008
1004.4171
1001.1457
994.0068
987.0421
983.2553
980.2485
974.7421
970.7122
967.9712
960.4517
953.2243
949.2203
944.4459
942.6895
936.4889
929.1846
925.2349
921.0650
913.7221
907.1856
907.3907
902.2794
892.7872
891.3983
885.3747
881.0819
875.2835
868.3944
863.9662
861.9751
853.4455
850.7570
845.9274
838.3915
832.6502
832.6632
825.1730
819.7832
813.5011
811.8666
805.0795
797.9282
796.5622
790.4389
787.1731
780.6674
775.2569
769.3691
767.7676
758.4193
752.8753
751.4452
746.5629
741.9718
736.5175
731.1719
724.6348
719.7309
716.1622
708.7731
702.1134
702.6102
696.3593
690.3482
685.5341
681.3940
673.3353
671.8848
667.7335
658.0359
656.2349
650.0745
646.6319
640.3193
634.1182
630.3860
624.5093
621.1318
617.0710
609.4322
606.5353
601.5956
601.9523
597.9511
601.0614
602.3115
599.9414
598.3255
601.7646
601.3838
599.7471
600.7823
599.6064
600.3521
597.2635
600.4486
601.5236
601.0714
599.5394
601.9030
600.8264
597.9304
599.7970
597.5598
598.2740
598.5618
598.3693
598.4016
601.8918
600.8103
600.7262
602.7671
597.7114
602.3200
597.9928
597.9847
600.0641
602.4444
599.6195
601.6824
598.3268
600.6967
599.9239
600.5902
600.7275
602.5317
602.6191
602.3724
602.3890
599.1603
602.7028
602.5347
602.2321
600.9357
600.9858
602.2620
598.1279
599.2779
600.0626
598.8481
599.1137
601.4656
597.4352
602.8377
602.4452
597.6680
601.5533
600.6877
598.7101
602.3961
601.4621
598.3332
602.8953
598.6437
597.9270
600.5952
597.7526
598.4646
600.3793
597.3968
599.2567
602.8632
599.2919
599.6140
601.8861
597.6106
597.2521
599.1677
601.1507
597.7341
600.5047
597.4845
597.3298
602.2876
598.0529
597.3001
601.0725
600.1337
601.8674
597.0673
601.4330
602.2081
602.8428
601.5070
597.7905
602.8035
597.1197
600.1177
597.0783
600.5622
602.9714
600.9654
601.9629
602.6196
601.9080
602.2941
597.0730
600.6163
600.6032
602.0833
600.6690
598.9218
599.7291
597.9729
599.7890
600.5915
602.4202
597.4540
600.4455
599.3100
600.6891
598.3126
601.6090
602.3399
598.8959
598.0557
599.8525
597.2079
599.6182
601.5188
597.9528
601.5600
601.9309
599.0621
601.7924
602.2332
597.4635
600.4817
598.8467
602.2983
600.7860
599.3936
598.3710
598.0501
602.4176
601.9083
602.6139
597.3029
598.6321
601.1313
597.4279
598.1879
600.3978
599.4464
601.0980
597.5307
597.2925
602.7713
601.0141
598.2300
600.4179
598.0173
601.2330
598.6292
602.2145
599.0921
597.9957
600.2268
600.3092
597.6545
601.5837
602.6882
600.2427
597.6843
601.7775
601.0858
599.7315
601.8484
597.6256
597.9159
601.5457
597.4275
602.6452
601.6772
599.5435
601.0301
597.8539
598.2270
597.5952
602.9192
598.9442
597.0359
599.4913
600.3529
598.6584
599.9269
602.1414
598.1977
599.9692
598.5255
599.0267
598.0450
601.6436
600.2918
600.2575
598.0692
597.7891
602.3120
599.5377
597.2450
602.5378
598.5243
602.5462
600.9627
602.4557
600.6805
598.4581
601.0154
598.9671
602.1014
597.0291
597.7245
600.6127
599.3569
597.1199
602.8389
602.8403
598.4017
598.9228
598.6815
600.2828
602.5240
597.3607
602.0677
597.6304
602.7266
599.8986
599.2723
601.0367
602.3679
597.7483
598.9842
599.4516
597.0080
601.2291
601.8761
602.3814
598.7126
602.6971
597.3915
599.3745
602.6262
601.9297
602.3170
597.8484
597.7906
601.4304
601.2391
599.2739
597.5536
602.4252
601.9076
602.5709
597.4813
600.4455
600.0687
599.4120
597.4988
598.2912
599.1325
599.0610
599.5395
601.3908
600.1445
602.0575
599.2014
602.8281
599.4446
599.3956
598.8515
599.1251
597.5460
597.4110
602.1081
598.3687
601.8346
598.7087
600.5012
601.1263
602.0947
600.7446
599.4689
602.8060
599.2250
597.2561
599.3420
601.7219
600.1324
599.9691
601.9212
601.2248
598.7521
602.7600
597.0769
601.6043
601.8219
600.6827
597.4570
601.2098
598.9737
600.5413
598.6120
599.3978
599.0860
599.8084
598.4042
601.5887
600.7134
598.3611
598.9113
597.5987
599.0216
599.9172
602.9009
602.6725
600.3698
598.4696
600.7683
600.4650
602.8789
597.1603
599.6471
600.9242
600.4345
601.8132
599.2188
599.6546
601.2960
602.9132
600.3421
601.9131
600.6007
600.2073
598.2593
598.5861
597.9673
601.0895
600.8683
602.2992
599.8044
598.4286
