602.2007
598.4469
600.7850
597.3817
598.8102
600.9352
601.0716
601.2557
602.0710
601.6837
598.1032
597.8614
602.1946
600.4360
600.5011
602.3096
602.9308
602.5273
602.6963
601.1277
597.6525
599.5454
600.1927
602.4562
601.5609
600.7658
597.4378
602.6741
602.9619
599.5976
600.2287
600.9842
597.9787
601.2673
600.5381
597.3682
600.4360
601.0769
602.4089
598.5017
597.4426
597.8289
599.9640
599.4316
601.6747
599.3179
600.2860
602.0391
601.6574
602.9673
602.5277
597.4572
598.7662
599.4976
597.0696
597.4276
599.8794
601.2753
600.2136
597.3334
597.4526
599.1500
599.2433
602.3709
601.1860
602.4260
600.9879
597.6588
602.5334
598.4306
597.6278
602.2464
600.9138
600.3010
600.1191
597.5092
599.1647
598.9834
600.5640
598.5293
600.4583
599.8019
598.1574
602.1129
601.3536
600.0789
599.0346
599.6814
602.0102
597.0316
600.5703
602.6647
602.5131
599.8700
597.7344
597.2625
602.9698
600.0142
599.9741
597.7927
599.8843
599.5816
599.7120
597.7098
601.0771
598.4756
600.7329
599.9170
600.5238
598.5414
602.7026
602.4872
598.2404
600.8885
602.5326
600.5052
598.5054
599.0763
601.4082
602.2080
600.6031
601.3835
602.1960
601.8463
601.8208
598.9899
597.2120
601.6319
601.3252
600.8299
599.9136
598.7114
602.9388
601.1816
600.5452
601.0103
600.2493
598.9589
602.7626
602.6119
600.0845
597.7248
600.2582
598.3136
602.8732
600.7833
600.6070
601.4545
597.3567
597.2040
598.3190
602.8142
602.2223
600.1307
597.6677
597.6163
601.1403
601.0503
599.5388
601.2239
602.0517
599.4613
599.4443
600.3626
597.4528
602.9305
597.3891
602.5490
601.3952
599.5430
597.7797
602.9653
601.4956
599.0264
602.4353
600.2717
599.1265
600.3330
598.5074
602.8654
601.2198
599.0757
600.7236
597.5647
601.1829
602.8628
597.9154
597.1012
602.7640
598.3913
597.4507
597.5557
601.0113
602.6719
598.5281
600.1673
599.8309
602.0098
602.9375
601.4872
601.7317
600.9897
599.7988
600.7338
598.0957
597.7129
598.4798
600.9767
599.3972
599.9383
601.6234
599.9272
602.8508
602.8073
599.6180
599.3429
598.5703
599.5603
600.4267
599.2329
600.9504
602.8378
600.3122
601.1832
598.6987
600.6871
601.4986
597.1642
598.4159
601.1712
600.1051
597.7952
598.2132
601.6167
597.3157
602.1422
599.2202
602.8969
602.8048
601.2344
597.0042
599.5137
597.9311
598.7287
602.3345
597.2435
598.4855
601.0782
602.8932
598.6121
599.3807
601.8471
597.3128
598.5930
598.2838
601.0478
602.2856
601.9311
602.2690
600.6985
601.0373
601.9829
597.3475
599.1079
597.9657
599.4913
599.4170
602.5781
602.9931
598.9220
599.6648
597.4321
599.9627
602.9215
598.8578
600.4110
601.0109
597.7931
602.2087
602.1294
597.2795
602.8694
600.9413
598.2074
599.2297
599.2406
601.1883
597.1186
600.9934
597.2051
601.1015
600.4983
600.8324
597.4537
602.5607
602.0673
598.0796
599.3807
600.8392
600.2776
600.3722
600.6100
597.5672
598.5705
598.4465
598.3036
598.9704
598.3503
602.2535
600.7982
600.9083
602.7244
601.7366
598.4607
599.2879
598.2932
601.7513
597.1246
599.5122
599.5447
600.7673
601.4044
597.2488
600.8228
600.4640
599.7751
597.6381
599.5380
597.8713
600.6555
599.7671
602.4897
601.7705
600.8939
601.5484
601.7234
601.5001
598.4346
601.6476
600.2629
602.3446
602.1159
597.3188
597.0494
602.2895
600.7723
600.5311
597.7319
599.8787
598.3175
599.6295
601.9238
599.0562
602.0067
599.5400
598.5612
597.1112
597.4525
597.2362
602.9128
597.2854
599.6099
601.1754
600.5728
600.2210
598.8919
597.0087
601.6518
598.5744
601.6454
602.7567
598.1460
598.4840
599.3734
598.5993
601.4053
598.0439
600.6951
599.5900
601.1530
599.7927
600.2719
601.3009
599.1449
599.8902
602.8516
600.2249
597.4479
600.6581
598.6425
601.3444
600.1691
598.5273
599.2864
599.1417
601.1643
599.0869
600.7469
598.3133
598.4068
599.4808
602.9688
599.1991
601.1131
598.5473
598.8257
601.5869
600.6256
597.9877
598.3885
597.4889
598.5375
598.6464
602.5321
598.7929
600.5173
601.0213
602.8530
598.9746
597.2867
597.6379
597.6015
599.5762
599.2256
599.5662
598.3967
598.2518
601.8214
597.2784
601.5022
601.3253
601.2589
598.7752
600.9450
600.1959
601.3780
598.9529
598.4851
600.7460
601.1188
600.0322
601.6550
598.2562
602.6924
598.3024
602.0705
601.0735
597.2758
600.9552
601.7827
600.0718
597.2378
597.9263
600.5427
600.4182
597.9104
600.1141
601.0470
602.0173
597.1841
597.9827
602.8058
598.3776
602.8940
597.1571
602.4025
598.1721
598.4592
599.8701
602.8558
602.6241
599.0638
601.5646
602.0163
601.1883
599.0980
597.4354
602.3560
600.0548
602.5075
597.8170
602.3270
600.3915
599.8158
597.6259
600.6338
601.9409
597.1388
601.7055
597.4142
597.1303
601.4416
597.9336
597.7389
601.1448
602.6409
597.3430
599.4216
597.5637
600.5677
597.6214
600.2060
598.3040
600.7249
597.6028
599.7888
597.7487
599.9924
601.2200
597.5957
602.7749
601.3051
599.7067
598.6649
601.0724
600.6130
599.6977
598.5797
599.8087
600.1392
601.1228
601.6476
598.5803
599.9166
600.0959
600.9611
598.7659
602.5742
600.9556
601.9626
602.5333
599.4177
600.5395
602.0510
599.5049
601.3004
597.0612
602.0609
599.8182
597.3194
599.6805
597.7679
601.6113
601.5260
597.0126
598.1102
598.5799
602.9309
601.1585
599.2810
602.6288
601.3209
600.0645
601.2817
602.9930
599.0957
601.6287
598.8931
598.5169
600.3257
602.3536
598.9950
602.9459
600.6880
600.0405
600.9603
600.8840
602.0008
598.6934
600.3039
602.9578
597.8970
602.7518
599.7979
597.2601
599.7385
600.1531
601.6793
600.9565
601.1065
600.8848
597.1848
599.0636
602.2094
597.6139
601.3552
602.9575
597.2150
597.7297
598.6166
600.5919
601.2934
601.3532
602.7025
597.7374
602.9859
598.9319
599.1980
601.3933
597.3523
598.1413
597.7400
600.4097
602.2239
601.0330
600.2066
599.0099
602.5144
602.3435
599.0723
601.2683
602.6094
597.7406
597.1189
598.6344
597.0484
600.5184
598.3273
602.7011
602.3650
601.6892
598.3039
598.8436
598.5082
602.8161
599.4601
602.4617
600.5576
599.6636
598.8084
598.5370
598.2639
598.8729
600.8881
600.6604
599.6677
598.1015
597.0349
598.5126
598.1342
599.2503
600.6394
601.0250
602.6377
601.2440
598.0060
597.3838
599.0392
600.9986
600.7782
599.9220
597.8748
597.8726
599.4717
602.4338
599.5868
599.3009
602.1687
598.5752
601.6120
602.4828
600.6047
601.9833
597.2498
598.0471
599.5870
602.9544
598.1472
601.1844
599.8661
598.3885
602.8921
600.5748
599.8073
597.0379
602.7088
597.6405
598.4195
598.1477
600.9022
597.6418
598.5252
599.8244
597.0931
597.5620
599.0144
602.7667
597.9956
600.5575
601.5775
599.2019
597.2138
598.9417
601.2256
600.4384
598.1709
600.9779
600.0365
597.7792
598.5943
600.0093
602.1302
598.9746
598.2095
598.4163
600.4135
601.8993
601.8042
599.8614
602.2554
599.8271
598.0563
601.8383
599.5801
600.7553
600.4258
601.8806
599.4979
599.0475
598.5974
599.4740
598.5806
598.5311
600.0301
601.8539
598.8218
602.3356
597.4729
598.0392
598.7342
602.6842
598.7107
602.9159
600.6398
599.4843
597.6303
599.8271
600.4850
599.0859
598.9452
599.3057
597.3630
602.2366
601.7470
598.0702
602.3232
600.6157
600.5926
600.1185
600.9771
602.5165
598.9375
602.5005
602.7509
602.4331
600.8097
597.9295
601.4589
600.9678
598.1905
600.0387
599.9381
599.7373
601.6935
601.4411
602.2019
600.7678
598.4496
602.0749
601.9147
598.9759
601.2603
600.1991
601.9734
601.5564
601.1162
602.8662
598.3149
602.1268
601.6877
601.8494
598.2731
602.3885
601.8701
598.5516
602.7044
598.7142
602.9871
599.5389
599.5691
598.2567
602.4349
600.2531
598.1752
598.9640
598.5556
597.6854
598.1227
601.7043
600.2684
599.2859
597.8855
598.9373
602.5525
600.7489
599.6088
597.9667
598.2860
599.6166
601.3709
598.0823
601.2500
600.1669
599.5934
601.3957
600.7346
598.9076
599.2841
601.0972
599.6020
601.3708
598.0557
597.3514
598.6207
601.3471
598.0169
601.3420
601.2547
598.5071
601.2074
600.3819
599.0527
600.5630
602.3469
601.5945
601.7042
600.4054
597.7173
598.3577
600.0883
600.6644
600.7016
601.4652
598.6152
599.2506
599.5111
601.0109
602.5573
602.2862
598.6495
601.6196
597.0886
602.7559
600.0496
599.0232
599.6137
598.5075
602.0630
600.4844
597.0146
599.9915
601.8213
597.0620
599.4207
598.0445
599.2091
600.7709
597.3225
599.6969
597.2240
600.7929
597.2241
601.8119
601.3097
598.9377
599.4268
599.4823
598.2217
600.8745
602.8436
598.6894
602.0021
597.8442
600.2023
602.7066
599.2640
601.0300
601.8940
602.4605
602.6723
602.2458
597.0416
597.2446
597.1560
600.7517
598.5637
601.3018
602.3449
600.6630
600.9569
601.5757
601.4164
600.9705
600.1762
601.5699
601.5885
602.5865
600.7694
598.9470
599.1793
600.4365
600.4073
597.1569
598.7991
597.1582
600.0165
602.6103
599.3659
599.6377
601.3855
598.3032
602.9614
602.3635
600.0306
600.8740
601.2062
602.9436
598.9798
602.6878
602.8772
597.8647
597.8908
601.4303
600.6944
601.7818
601.2046
600.0599
602.8491
597.4673
600.1228
602.4125
602.5914
600.3724
598.1898
602.2097
598.4809
599.4478
602.0896
598.7475
600.7239
600.7840
601.5466
599.4781
600.1193
601.3035
602.6439
598.2355
599.0792
600.9516
601.2883
598.2020
601.3874
597.0352
597.0371
602.5433
600.2220
600.7062
602.5140
599.2634
599.8633
600.0459
600.4780
601.5656
602.2260
598.6336
602.5124
597.9421
599.0780
597.6701
599.4125
597.3576
598.7166
597.5201
602.8579
601.5133
598.5151
599.9350
600.2285
598.8132
600.6997
597.7307
602.6933
602.1344
600.5322
602.5695
599.8148
601.1516
602.8446
600.6398
598.1117
600.9128
600.9698
598.6305
602.4718
600.7857
601.9564
598.4103
598.9959
599.9292
602.1055
601.4280
599.2927
598.3591
599.1232
598.2489
601.7571
602.5142
599.0785
600.8610
597.9990
598.8416
599.6893
598.8742
597.8349
597.3386
601.4262
600.7704
601.2079
600.4082
597.1896
598.1737
598.0239
597.0561
601.0714
598.9067
597.2884
601.3802
602.4729
598.9064
598.9430
599.9443
598.6883
602.3011
600.2800
599.3986
600.2034
598.3711
600.3175
599.0396
598.2647
601.4376
602.7695
601.7784
600.5712
600.3675
597.7542
598.5640
598.8221
601.4286
599.2692
600.7964
598.7225
600.8696
600.3357
597.3763
601.3970
598.9644
598.1912
600.0255
600.8802
599.3331
599.4464
599.8869
602.2007
602.1852
598.4125
597.4112
600.6483
599.3957
600.9244
602.9851
602.7563
599.2644
599.5709
598.9488
600.8716
597.4574
602.0664
598.5526
597.4129
599.7206
600.7063
597.3337
601.6193
598.7650
600.8964
601.5925
597.7379
600.5200
599.3516
597.2258
602.5043
597.9285
600.6352
599.1798
600.1820
598.7943
597.4171
600.1213
602.0424
598.1484
598.9272
602.9801
602.4773
599.4909
602.4681
601.8413
601.6079
597.4508
602.4588
598.5074
598.9475
602.3759
602.6349
601.0920
601.9550
601.6822
598.0812
601.3734
599.8007
600.3984
598.9930
599.5283
597.1347
599.7783
598.3580
597.4346
601.4227
599.7224
600.7943
599.1518
602.3665
597.4833
600.3704
599.0390
601.0222
602.4854
599.7965
601.9908
601.1806
600.2084
597.2729
598.4772
598.6874
597.7382
602.5308
601.9090
602.1341
597.7903
598.7383
597.0495
602.1940
599.9821
600.7154
601.8955
598.9211
601.1536
601.4290
600.6926
599.9070
599.9077
600.3677
602.7846
598.3819
597.1792
600.1425
597.1120
601.8210
600.8962
601.1378
601.5632
601.0283
601.9936
598.4548
601.8040
602.5527
601.9038
600.0153
600.8572
602.7934
601.4691
602.5848
602.3150
598.8928
600.7316
598.0162
598.4323
602.1284
598.5488
602.1904
599.5008
600.0741
601.5518
601.0148
602.0119
602.1550
597.2865
599.3164
602.2045
602.2110
600.6030
599.0902
602.4295
600.8268
601.4479
602.1916
602.6386
600.3800
599.2425
597.2165
597.9464
602.3966
602.9234
598.5454
602.0129
598.6569
599.2996
601.1552
600.2084
600.5865
598.5460
600.9369
598.6251
598.1962
601.7879
601.0068
600.7853
599.0233
600.4765
597.2359
598.5605
601.9820
597.5145
602.1985
598.4501
598.0293
597.8025
600.3291
601.6143
597.9306
601.9182
597.7967
602.0045
597.8195
597.9281
601.8620
597.0730
598.4506
600.8916
598.0472
599.8563
597.7527
601.3706
599.6060
598.7617
600.1497
598.9275
601.6965
597.9112
598.0016
599.1354
600.3414
599.0607
598.9722
598.5353
599.2995
597.9830
598.6998
600.4501
600.9347
598.1695
601.0606
599.7014
599.9059
602.4357
601.3017
597.9559
600.6357
601.5438
602.7101
600.7873
597.3314
598.0754
598.4031
597.4432
598.8977
598.6312
600.2840
599.4095
598.8920
599.6290
601.1748
597.2426
597.0421
597.9677
601.6849
599.6482
599.4421
599.0060
597.5108
602.8537
602.4542
598.0032
598.1099
598.5522
601.5432
601.5835
601.1739
597.5974
602.1923
602.9124
600.1382
602.6230
602.5151
597.6231
599.6380
599.2911
599.0227
597.2130
599.2308
600.9478
601.8708
599.4416
598.4526
602.4221
599.4461
597.3145
600.0885
598.0551
602.1479
602.4445
600.0080
599.4224
597.0465
598.6046
601.6802
597.5815
597.8779
599.1459
597.5608
602.4859
601.1594
597.5643
599.0749
600.9448
597.5892
597.1333
597.7292
601.5125
598.1504
601.0636
600.1706
601.8939
602.8574
600.0911
601.8879
597.8094
599.3506
600.2243
600.5749
599.9098
601.7554
599.9018
601.4002
597.3772
599.8209
600.3597
599.4124
600.4341
597.6463
601.1289
600.8749
598.2737
599.0595
599.4785
598.9931
599.3084
600.8414
601.9962
597.0870
601.0428
602.7129
597.1874
599.4729
600.3023
601.9471
600.3407
598.2447
600.1103
597.6242
600.3836
598.8748
602.9767
602.2566
599.7451
600.0880
597.5105
602.0667
598.9574
599.3627
598.9597
602.8431
601.4674
599.3276
599.0685
598.6782
598.0342
602.5734
602.8392
601.2605
600.1452
600.9953
597.5816
601.0872
599.0941
601.7708
597.5721
597.5640
598.9568
601.7693
597.2604
600.4195
601.9881
601.8914
601.1376
597.8845
601.9439
600.7987
601.9511
597.7465
602.6622
596.9694
598.2842
598.5822
600.8726
600.4200
595.9273
598.1532
596.6795
598.0568
598.7575
596.5109
597.3509
597.2525
596.9105
595.5602
592.9700
592.6065
592.0160
589.9841
589.0631
586.6032
586.4277
584.7019
584.2422
582.7608
582.5508
580.8915
577.2776
581.1428
574.6509
576.3379
576.6754
575.3894
568.5550
571.5950
568.2494
565.7640
563.0688
561.3455
560.7700
559.2364
559.2771
557.5229
553.0349
549.6995
550.6796
549.1046
544.2080
541.5651
542.6903
540.5421
534.4952
532.4011
529.3158
528.4338
526.1282
523.2864
522.5418
519.7272
518.3327
513.4124
512.6921
508.4771
506.9802
503.2512
503.4056
498.0369
495.0274
496.1282
491.3759
489.5935
484.5961
483.4402
481.4861
479.7787
472.9260
472.3117
470.9343
465.1156
464.7346
460.3614
459.5045
452.6595
452.4734
449.3569
448.2218
445.8438
442.2961
437.9275
432.7538
429.6361
428.3696
425.4675
423.1590
420.4476
419.1412
416.4057
410.7324
406.4738
405.9920
402.4145
400.2520
398.5566
391.5015
390.5374
385.5780
383.3342
380.7112
380.7908
376.7225
371.4424
370.9288
369.1144
364.8671
362.3851
357.3276
354.6370
355.8478
351.2435
347.1966
344.9657
341.2364
341.6221
339.4595
334.0703
334.0004
329.6088
328.2430
323.6809
324.4539
321.5665
315.9921
315.9292
314.8029
312.3556
309.0908
306.5412
305.2668
299.6181
299.0209
296.4051
293.6161
291.7698
290.1758
288.4548
287.5654
285.7544
282.6226
282.3674
277.7563
275.9041
277.1134
275.5286
273.2377
270.4506
267.7860
267.8758
266.9283
264.9471
262.6500
261.3756
259.6556
258.0366
257.0108
254.9751
254.0364
252.1015
251.9829
252.5054
251.5872
248.2185
248.0325
246.0026
247.9315
246.6923
245.0285
243.1268
245.5754
245.0955
241.1053
243.1769
242.6381
242.8189
241.0547
240.1954
240.1626
240.8124
239.3023
241.6199
239.2940
241.0386
240.1773
239.0163
239.0018
241.1686
241.7869
242.1244
241.0488
240.9127
243.1912
242.8319
244.5846
243.7185
245.6611
246.2149
247.6229
248.6960
250.1005
249.5657
252.1033
252.0081
253.4531
254.8042
255.0533
259.4131
260.0405
259.5047
263.5380
264.7908
266.9540
266.7011
269.5652
270.1800
273.3377
276.1228
276.7645
278.3885
280.4148
284.7283
284.3696
289.0229
291.8665
293.2974
296.7544
297.7052
298.5956
302.7935
304.5831
308.3693
312.0004
314.6435
317.7404
316.8619
319.9581
325.4330
326.2518
329.0187
333.4699
334.6338
337.2730
343.9075
344.2224
349.3753
351.1353
353.4288
355.9680
358.9593
364.4178
365.2874
370.4829
372.0519
374.9266
379.1451
384.1918
384.4669
391.9035
391.6318
394.1983
398.3675
401.8870
404.5861
408.9109
413.6333
417.4677
420.1161
421.9330
424.7601
429.6316
433.9645
436.9426
441.6429
443.3266
445.6554
450.2462
452.3419
456.3695
459.9781
462.7235
465.6574
467.4796
474.6765
476.0717
479.9814
485.2139
485.1849
489.1696
494.5106
494.6852
499.0919
500.0312
506.3273
504.6117
508.3606
510.6639
513.9434
520.5230
519.0539
522.4658
525.8814
529.5715
534.2706
532.1665
537.3275
537.5264
541.0935
543.4309
549.3890
547.0194
549.6175
554.8159
559.1923
559.1792
560.7418
561.7644
562.9155
569.1006
569.0607
569.1121
572.8776
574.1985
578.7722
577.2097
577.0224
581.6345
584.4037
581.3615
584.7962
587.4243
586.6569
590.4177
591.8460
590.2304
592.4752
593.3223
592.6405
594.3090
593.8520
593.8600
595.7900
595.7241
597.8643
596.8971
601.1130
600.8643
600.0941
600.0835
599.9941
601.6319
601.5964
598.3329
599.7421
599.1578
603.1106
598.9873
599.8650
599.7479
601.3633
601.4109
603.3028
604.4809
606.7732
602.7348
604.4138
609.0933
608.5184
607.9212
612.3861
613.1504
609.9895
612.5257
616.0590
615.1511
615.3893
616.9097
618.3546
622.5181
625.1603
625.4584
627.2528
631.8860
631.8351
636.2784
637.2762
640.6114
643.2419
640.3363
648.1596
649.6422
652.6046
653.2332
654.7711
657.2525
658.7706
665.4813
663.3631
669.3060
672.5508
674.8384
674.7349
682.3092
683.6182
686.0010
690.5414
694.2235
698.0744
700.3814
704.7930
708.7476
712.7757
712.6318
718.8394
718.8238
727.6720
730.5348
732.0598
737.6380
743.1598
746.0818
747.1901
754.8482
760.0985
758.9394
766.4488
768.1285
773.2807
776.4924
783.4334
788.2121
790.6901
796.0107
801.0364
803.0798
809.2478
814.8980
821.9932
824.4732
827.2012
831.5846
837.7043
846.0053
850.4343
852.6110
857.8104
866.7818
872.2298
878.0324
882.0372
886.0255
893.1529
897.8278
904.0257
904.5943
909.8967
915.3556
920.7069
930.0412
935.8757
939.7308
946.4444
954.1982
958.6875
962.3711
967.7091
971.4774
981.9729
985.2518
989.4646
999.7789
1002.8126
1010.5596
1013.6602
1023.7881
1024.2269
1030.8116
1037.6301
1047.6677
1050.4695
1055.5591
1066.0426
1067.3484
1076.6863
1082.4950
1089.2309
1091.2882
1097.6004
1106.6559
1113.2206
1115.5974
1122.6679
1129.4324
1135.7500
1144.6529
1152.3536
1152.8241
1160.1618
1170.2979
1173.4162
1183.5414
1189.4553
1193.9737
1201.7903
1206.7970
1209.7114
1220.6222
1223.0637
1230.3183
1235.4841
1241.2257
1250.3032
1258.4916
1260.9363
1267.1882
1276.1458
1281.5875
1288.9601
1294.7945
1301.1222
1308.4964
1314.8573
1321.1466
1324.8745
1333.8352
1337.9819
1343.0663
1348.6572
1356.2991
1359.6529
1369.0791
1375.8627
1380.6919
1387.0311
1394.5281
1397.6714
1407.1025
1408.0578
1418.5301
1425.3872
1428.0778
1434.0646
1442.7610
1447.6507
1454.7893
1455.8683
1463.6055
1468.0407
1475.8441
1480.4564
1488.3017
1492.6693
1500.5033
1504.4768
1508.6776
1512.5288
1521.7168
1529.1246
1532.1195
1537.5635
1541.6340
1550.6535
1555.3496
1559.2748
1566.0125
1568.9760
1571.7152
1579.6691
1586.2128
1589.7683
1596.3167
1597.5489
1602.9984
1610.3841
1613.0814
1619.5940
1624.1747
1629.1588
1631.8875
1641.8835
1641.4064
1650.6732
1654.4718
1658.9003
1664.9138
1665.6513
1671.8469
1675.1785
1677.8271
1682.8840
1689.1529
1694.3731
1693.7630
1699.6015
1704.2965
1707.8183
1711.3750
1717.3450
1722.4509
1721.7012
1728.2214
1733.0457
1732.9125
1737.1379
1741.9894
1745.7861
1751.1083
1751.9060
1754.4069
1759.6615
1763.3400
1768.0914
1766.6767
1771.0042
1776.4556
1775.3933
1783.8761
1783.3320
1784.4564
1788.6183
1790.4810
1792.1643
1799.9575
1798.3199
1799.0979
1802.4154
1807.6380
1811.2016
1808.8074
1814.9132
1814.6331
1815.6021
1819.4537
1821.6480
1825.1809
1825.2573
1824.4627
1828.0650
1828.6547
1830.5580
1834.5056
1834.5520
1834.7538
1837.5227
1839.8405
1840.2936
1839.7396
1838.6451
1841.2769
1842.6216
1842.8230
1844.8064
1844.7380
1849.1098
1849.7156
1846.7139
1849.0371
1846.8251
1850.9612
1847.9535
1851.6699
1849.2689
1850.0242
1850.3996
1850.9820
1848.1046
1847.0688
1847.0024
1842.9170
1839.0386
1833.8233
1828.4934
1824.8560
1816.0634
1810.4245
1804.6920
1795.2223
1791.1239
1781.3465
1772.0599
1756.7602
1749.3162
1737.0247
1727.9753
1715.5431
1700.7919
1685.0358
1671.9814
1656.0583
1643.1131
1629.9646
1610.0154
1597.3832
1576.3016
1559.5174
1543.6411
1527.3496
1509.6706
1486.5973
1466.5351
1451.2298
1428.2832
1407.7700
1387.4028
1364.8543
1343.5754
1324.9071
1301.9162
1276.5637
1255.5253
1236.4731
1212.4347
1185.2637
1163.6133
1141.3748
1118.6094
1091.6290
1066.6317
1044.7172
1023.6199
995.0964
971.2354
951.5700
923.5301
902.0734
876.1161
852.6071
829.1027
802.5576
782.2425
757.2146
730.0504
706.4852
686.9393
663.9897
641.7744
615.3587
595.0610
573.0245
550.5007
526.1636
503.3507
481.1969
464.0529
444.0012
423.2729
400.6379
379.9089
363.8594
340.8639
323.5380
306.6199
290.0808
272.1372
255.8152
236.2603
222.0940
206.1463
190.3927
178.2003
162.7513
149.5197
136.7249
125.0412
111.6898
101.4922
89.9324
79.1549
71.1774
60.3068
53.6309
45.9466
39.0470
30.8672
26.3178
20.3407
16.4094
11.9161
7.2579
4.6790
2.7818
1.3640
-0.2690
0.8979
-0.8402
0.3062
0.2054
0.7360
0.0580
0.9703
0.6028
-0.3027
-0.5179
0.6964
-0.3116
-0.8345
-0.5962
-0.9980
0.3689
0.1019
-0.5825
0.1082
-0.3548
0.6170
0.5455
0.9687
0.2404
0.3364
0.6517
-0.7208
-0.3159
-0.1046
0.5440
-0.4754
-0.5224
0.4439
-0.7434
0.8960
-0.6264
0.1481
-0.8593
-0.4484
0.2549
0.3420
0.1515
0.6488
-0.1736
-0.3511
-0.5223
0.3124
-0.1371
-0.2345
0.8153
-0.1303
0.0549
-0.0602
-0.2265
0.3931
0.6776
-0.3271
-0.1936
0.5330
0.5149
0.1234
-0.8621
-0.0810
0.9659
0.4351
0.4207
0.3346
-0.5411
-0.6367
0.1312
-0.5989
0.3664
-0.6555
0.3457
-0.6717
0.2843
0.7133
0.2199
0.5802
-0.3483
0.8976
-0.6880
0.1741
0.8029
0.7707
-0.9950
0.7386
0.3848
-0.5889
-0.9123
0.2086
0.1996
0.7479
0.2007
-0.0868
-0.7155
0.5367
-0.0074
0.4496
-0.3781
0.7212
-0.2013
-0.4077
0.1518
-0.2123
0.6184
-0.3696
-0.6294
0.5094
0.3569
0.5928
-0.2423
0.3446
-0.7795
-0.1861
0.6562
0.2625
-0.8339
-0.7261
-0.6348
0.9636
0.6164
0.6921
0.5569
-0.3695
0.6853
-0.4834
-0.8526
0.5366
0.9207
0.1518
0.1622
0.0269
-0.5096
-0.8912
0.9452
-0.2728
-0.2006
-0.1675
-0.6450
0.2799
0.4711
-0.4724
0.3775
-0.8306
-0.6605
0.0023
-0.7537
-0.8576
-0.2653
-0.6417
-0.1481
-0.9311
0.3347
-0.3590
-0.2078
-0.0979
-0.9172
0.7286
0.2203
0.9004
-0.9961
-0.7299
0.6559
-0.3828
-0.0847
-0.6586
0.8709
-0.1684
-0.2553
0.7636
-0.0876
0.5344
0.2167
-0.5647
0.2136
0.0885
0.4609
-0.9375
0.7473
0.4914
0.3613
0.3413
-0.5116
-0.9064
0.5115
-0.0839
0.7930
0.1381
-0.4616
-0.5631
-0.5738
-0.7833
-0.2094
0.6214
0.4560
0.6577
-0.3736
-0.1192
0.1743
-0.2682
-0.8479
-0.4586
-0.1923
-0.0074
-0.6384
-0.1169
-0.8282
-0.1393
-0.9930
0.8577
0.1210
-0.7212
0.5973
0.0076
-0.2196
0.5819
-0.3565
-0.1939
-0.7423
-0.0012
-0.4785
0.3898
-0.3259
-0.7413
-0.9457
-0.6649
-0.1235
-0.1076
-0.4262
-0.3409
-0.0408
0.7960
-0.2617
0.7659
0.0748
0.0552
0.3905
-0.3109
-0.8206
0.3174
-0.8746
-0.9833
-0.0975
0.6105
0.9586
0.1362
-0.4524
-0.1067
0.5114
-0.9826
0.2381
0.5977
0.4751
0.6765
-0.7560
-0.4322
-0.6923
0.9976
0.4907
0.3613
-0.7428
0.8465
-0.3749
0.7734
-0.6673
0.7973
0.9593
0.7546
-0.5777
-0.5822
-0.5881
0.5904
-0.6041
0.1683
-0.3962
0.3496
0.3574
-0.6008
0.9768
0.0239
0.1770
0.4185
0.4680
0.3690
0.3763
-0.2018
-0.9424
-0.3713
-0.6341
-0.8843
-0.6661
-0.3487
-0.7471
-0.7261
-0.1027
-0.0748
0.2472
0.7312
0.5386
-0.2123
-0.6723
0.3286
0.3389
0.3667
0.9478
-0.1625
0.0365
-0.1786
-0.2574
-0.7208
-0.3363
-0.3351
-0.8373
-0.1363
-0.6549
-0.2732
0.5268
0.4369
0.9344
0.8823
-0.3756
0.2363
0.8355
0.1971
-0.3205
-0.4192
0.1187
0.7003
0.3494
-0.7797
0.4278
0.6203
-0.7802
-0.6159
0.8240
0.4619
0.8308
0.1145
-0.6162
-0.1686
-0.9715
-0.0321
0.3311
0.6324
-0.3524
-0.7172
0.0752
0.0136
0.0657
-0.7776
0.8093
-0.6506
0.2711
-0.0313
0.8064
0.2812
0.7132
0.0626
0.1090
0.5465
0.9911
0.1441
-0.2238
-0.4898
0.3723
-0.9284
0.4316
0.7742
0.8221
0.2388
0.7914
0.4369
-0.0129
-0.6757
-0.7642
0.4402
0.0610
0.9020
0.4711
-0.2130
0.5232
-0.8844
0.1370
-0.5105
0.2330
0.2832
-0.3228
0.2852
-0.7769
0.8428
-0.9737
0.4947
-0.4074
0.2862
0.4946
-0.5369
-0.7885
0.2329
0.4746
0.7469
-0.2895
-0.5100
-0.6348
-0.0857
0.8473
-0.8743
0.2872
0.4148
-0.3660
0.1496
0.1200
-0.2359
-0.2992
0.9417
0.5292
0.9532
0.9156
0.8456
-0.4342
-0.3769
0.8635
-0.3223
-0.5293
0.2012
-0.1306
-0.5715
-0.2037
0.1761
0.7156
0.7665
0.8795
-0.4028
-0.8397
-0.6437
0.0585
0.9182
-0.0301
0.5227
-0.2194
-0.9687
0.1071
0.3048
-0.2851
-0.5660
-0.7780
0.8529
-0.3761
-0.6967
0.4785
0.0440
-0.2665
-0.8665
0.8912
-0.0170
-0.5454
-0.4946
0.7696
-0.8848
0.6256
0.0657
0.1023
-0.6493
-0.2604
-0.0475
-0.6659
-0.7582
-0.8048
-0.7457
-0.5052
-0.0395
-0.4654
0.6487
0.0616
-0.9551
0.6607
0.2884
-0.7049
0.9614
-0.7169
-0.7706
-0.3743
-0.6399
-0.3204
0.2069
0.5566
-0.9468
-0.6418
-0.0799
-0.9184
-0.7095
-0.3895
0.9424
0.6363
0.7155
-0.3799
-0.1793
0.0109
-0.7634
-0.6378
-0.2546
-0.7149
-0.6001
-0.9929
0.3531
-0.2964
-0.1474
0.2267
0.5240
-0.4451
0.3881
0.0238
-0.0814
0.9805
0.5571
0.0253
0.9472
0.4694
0.5551
0.5818
0.0114
0.7863
-0.9546
0.0980
0.6885
-0.7275
0.4261
-0.9660
0.1992
-0.1680
-0.9179
-0.5067
0.0559
0.4663
-0.5636
-0.7977
0.2997
0.2885
-0.1373
-0.0660
-0.6574
-0.1302
-0.0905
-0.6405
-0.2834
0.6284
-0.1256
-0.5407
0.6251
-0.1828
-0.9933
-0.9151
0.8870
0.7546
-0.0777
0.7987
0.9463
0.9859
0.7428
0.8779
0.6413
0.2822
-0.7455
0.1743
3.7763
19.0317
40.2422
72.2758
112.8492
159.8329
216.7863
281.2697
349.9070
427.9099
510.1799
598.0986
694.3273
787.1498
890.9548
990.5766
1092.5346
1197.3884
1306.6643
1410.1071
1512.3980
1607.5131
1708.4385
1798.2691
1891.1349
1973.1864
2048.4007
2118.6201
2183.0449
2238.8302
2289.1903
2327.1669
2358.2058
2381.1287
2394.7306
2400.7330
2400.4430
2399.3641
2395.0229
2398.0067
2392.5455
2389.5928
2385.2918
2383.1149
2375.5228
2369.5532
2362.9964
2355.9248
2353.7098
2341.5826
2333.7361
2328.8253
2319.5091
2305.7226
2296.1025
2286.7482
2277.4124
2264.6943
2249.5992
2237.3406
2221.6246
2211.9541
2198.1723
2180.7414
2168.6589
2150.2993
2133.2165
2116.0301
2103.6848
2084.7709
2065.0698
2048.9486
2033.3179
2010.2588
1994.7431
1975.4965
1954.3264
1933.9388
1917.9318
1898.3225
1875.4351
1857.4873
1831.2621
1811.7018
1788.9366
1768.7774
1749.3655
1724.6478
1704.4972
1683.3469
1661.5361
1637.2821
1618.9004
1591.8902
1574.4293
1547.2410
1527.9718
1504.6373
1484.0835
1461.1794
1441.6828
1419.1035
1395.5098
1373.7473
1353.3673
1329.5000
1310.7927
1285.4084
1266.1318
1247.6557
1227.6509
1206.8134
1185.6065
1162.6891
1145.4941
1125.3826
1103.8120
1084.2578
1069.7492
1053.0395
1035.4664
1016.8603
995.0776
982.8136
966.4629
949.9959
933.1251
917.8545
900.9923
889.6902
877.9405
862.6179
852.3243
839.3716
826.6359
811.1497
802.8372
791.7752
783.4717
770.6614
766.1384
758.3220
745.8351
741.7510
734.8480
728.2983
722.4610
721.4640
713.5792
708.2895
709.6399
705.4571
701.7938
701.4265
697.6156
700.6761
698.7927
700.6377
699.6460
700.9093
702.3676
699.5808
702.0945
702.1493
699.5014
702.0285
698.6332
697.3600
696.6046
701.1475
697.7814
701.5165
701.8415
699.7770
700.7410
697.1538
700.4040
695.7804
701.4187
696.8628
696.9057
700.3953
699.1409
695.3568
697.5017
698.0345
694.7342
700.0077
697.2468
697.8333
697.0346
697.6416
698.1661
693.4726
694.4531
695.4925
693.2784
696.1835
693.4626
693.6246
692.5705
694.6237
695.0503
694.1394
695.7170
692.0021
695.5952
690.6248
691.8337
690.8409
691.0886
693.0336
693.1649
691.8920
690.4739
689.7171
687.4381
691.8935
688.3337
686.3531
690.8620
687.3374
690.8821
687.5498
688.1024
690.1240
685.9278
686.9963
688.3913
686.7141
682.4184
683.0706
684.1532
685.6603
684.3527
685.4373
685.7802
682.1708
685.1368
683.7741
679.0756
682.4039
678.7392
679.0022
680.2678
677.0093
677.4346
679.2318
679.1225
677.4567
677.3543
679.6276
678.7043
678.7904
673.2033
672.4848
676.0019
675.0583
672.4582
676.1542
673.2600
673.4871
670.3275
669.9524
669.8190
672.6767
669.0903
671.0753
668.5066
668.1483
668.4080
669.9800
664.7333
665.7050
667.4148
665.2927
662.4544
665.4274
666.5426
660.6346
663.6253
659.7079
663.4307
663.6085
660.7115
659.3562
659.1189
657.3248
661.2566
655.3661
655.9692
657.5210
658.3374
655.7141
654.2562
656.7241
656.1086
655.2201
652.5571
654.2578
652.7166
651.9883
653.0395
651.4147
651.1406
649.8422
648.2051
646.8852
649.9694
646.0858
649.6839
645.9710
647.9287
644.1912
644.3740
646.6591
644.3857
641.7606
645.4023
642.3717
643.9367
642.5995
640.3321
641.3762
642.5309
640.8370
636.5509
637.1680
637.4721
638.4152
636.0011
636.1219
636.5760
633.2779
634.5734
634.7522
631.7528
631.2016
634.4259
632.9519
633.9904
632.9290
632.5225
633.0556
631.0930
629.6185
626.4882
627.1636
630.6839
628.4969
628.2250
629.7242
626.9260
624.2788
624.2866
625.5081
623.8909
623.7127
623.0310
620.4047
621.3823
619.5097
621.6869
622.7738
618.5667
622.8912
620.9591
620.6473
619.9544
620.3965
620.2697
620.6729
616.5366
619.5704
615.4190
617.3631
618.4155
614.1714
613.4217
615.8573
613.1097
616.1693
614.2115
613.1616
615.1190
611.8489
611.5636
611.7619
611.6631
610.2225
613.8847
613.2111
610.4977
611.5373
609.9311
608.6458
610.6029
611.5764
607.0232
605.4287
605.3521
606.4723
608.7992
605.7868
607.2706
607.7802
607.4922
605.6981
605.1672
607.2929
602.6051
602.7348
603.2343
602.1036
605.9441
601.3287
601.3777
602.7505
605.3955
606.2725
603.0409
604.3171
605.0345
602.7115
599.9637
603.7308
601.3977
600.4775
602.0151
602.5841
600.6369
601.3688
603.7279
598.5953
601.5968
602.2293
603.5968
600.0368
603.7406
602.0564
601.2460
601.9957
603.2077
598.9887
598.8134
599.6981
597.7679
600.0993
598.2567
598.5887
598.7253
600.6329
602.3575
597.9778
601.2553
597.2002
599.5876
601.7971
601.3996
599.5354
597.0292
599.0974
602.7265
601.2335
597.2548
598.6796
600.6323
602.0909
602.9588
601.7445
598.5654
599.8609
602.4892
597.2238
599.8557
602.7683
598.5233
601.3850
599.8653
599.3647
597.7201
602.3507
598.7533
597.4975
602.3390
597.8165
602.5630
599.5185
600.7982
598.5811
602.0945
599.0082
598.2414
599.1002
599.3020
598.2745
600.0323
600.5828
601.1856
597.2910
599.4974
597.9852
598.7320
601.8559
600.7354
600.9142
602.9102
598.8237
597.0913
601.3474
598.2132
601.1206
599.5938
601.8303
598.1218
599.4850
602.2517
600.2065
602.9567
597.5007
599.8424
601.2993
601.0209
597.3083
599.5435
597.8719
598.6952
601.1470
601.7013
597.9668
598.9505
600.8390
597.4922
599.8248
598.0722
601.4022
597.5491
599.5375
601.5511
597.7985
598.0904
597.6393
599.2931
600.6680
602.4396
597.5798
600.4506
602.3770
602.0127
597.3787
597.4742
597.5943
601.7845
597.1897
599.6925
602.7843
598.6701
602.7536
599.3324
601.1485
600.5614
597.9691
599.1428
602.9992
602.2612
601.0224
601.9509
597.9565
602.9024
602.8663
599.8026
598.0893
597.6811
602.9915
599.6996
598.3722
600.6451
597.3702
602.0383
600.0550
601.5010
602.4741
597.4665
597.6072
600.1122
600.9402
602.1880
602.9167
599.5491
602.5319
598.5041
599.0547
600.3495
599.8616
598.1015
599.2071
597.8732
597.1763
598.3107
601.2802
601.1721
597.7674
601.2694
599.0274
600.3857
599.9584
598.9576
599.3277
601.7609
598.3156
601.1121
601.9876
597.4320
597.3933
601.8631
599.6566
598.9032
601.8776
601.6061
600.0234
599.9954
600.0914
599.3539
599.2141
599.3195
600.1962
597.5019
600.7194
598.7249
598.5881
598.8687
601.9309
598.8018
598.0916
597.0585
601.0144
599.1406
598.8967
598.6575
600.0196
602.3012
602.9844
598.8900
600.2754
600.2554
597.5030
601.8338
597.7092
600.0976
600.5799
602.3886
597.5588
602.8004
600.6187
600.2471
600.0303
600.9145
600.2274
600.2576
599.0476
600.5287
597.3193
602.5946
602.2751
601.3682
600.3822
597.4229
597.9185
598.5960
599.3356
600.0012
598.7885
602.3320
599.0113
598.2370
598.5512
602.9399
602.6088
598.1082
602.1781
602.6801
600.3856
597.9580
598.0033
600.8947
599.1880
600.3499
601.6695
597.2233
600.5938
599.0459
599.6099
599.2009
600.2692
601.2966
598.8909
597.0983
600.3851
598.3562
601.7721
601.5266
602.5539
602.7103
598.1685
602.7568
597.1776
601.0282
599.4114
598.3500
597.3875
602.5806
602.9093
601.8050
601.5472
602.8715
599.0479
597.4768
597.5141
599.7372
602.0449
598.6592
599.9557
598.4665
600.6772
602.0401
602.7292
597.1080
600.5903
598.3154
599.4136
600.2837
601.6624
600.6040
597.7023
600.8237
602.7254
598.4117
599.0654
602.0522
598.7448
599.5243
601.4916
597.2130
602.9199
600.7219
598.0726
601.6963
599.7597
600.0799
598.8818
601.6294
597.1638
601.2826
600.6449
598.0644
602.6083
597.4135
602.8857
598.3764
601.4841
601.6997
601.3734
602.9174
598.0998
598.1323
602.0878
600.8718
602.5307
602.0463
599.4277
601.5054
599.7906
598.8464
598.2754
600.5445
599.5703
602.7393
599.8257
601.4175
598.8646
599.0397
598.2654
598.2473
598.6160
601.7363
597.8848
602.4140
599.9208
599.7857
600.7636
600.5087
600.3376
599.4209
598.0922
601.5865
598.9968
602.3307
602.4342
597.4763
601.4714
598.1682
602.6030
599.4772
601.0171
600.0192
599.8680
602.8362
598.8486
601.1747
601.9260
598.9581
600.3540
602.9537
597.2945
602.2456
598.9644
598.7356
599.3154
602.1597
599.9118
597.0340
601.7847
598.7820
598.1564
597.2447
602.2726
600.0700
597.2307
601.1657
597.3640
602.1887
601.2837
597.8704
602.0132
600.8529
598.4252
598.9027
599.2850
598.5162
597.6297
602.3713
598.4898
597.0787
602.0144
597.4970
601.7822
601.2102
601.5960
597.1814
602.4748
599.1756
602.4606
597.3349
602.5241
602.0090
602.5696
600.7730
599.6841
600.2916
600.7504
597.1913
599.1031
601.8325
600.1615
599.9806
598.3942
598.2683
598.4196
600.3387
598.7322
599.7074
597.2751
600.5074
598.5440
602.2914
602.8457
602.6332
600.3377
602.0810
600.0795
600.9091
601.6341
601.6611
602.3409
598.6284
600.0996
601.2353
599.3386
597.9536
601.3881
599.7769
597.8824
597.7965
602.2322
601.8275
598.5561
600.9217
602.7443
597.0586
602.1652
601.2053
600.0225
601.2401
602.2847
598.1740
600.4820
599.5233
598.1587
601.9599
599.0787
598.4175
600.9498
600.6004
597.3715
598.0225
602.9339
598.0676
601.6562
597.4946
597.6471
600.6103
598.0561
601.8172
600.0761
599.2361
599.2383
601.3475
602.6319
598.5140
599.2681
597.8092
599.2240
599.1034
601.4539
597.7170
598.4058
602.2121
601.4318
597.0455
602.5583
602.6566
602.2638
602.6509
600.7041
598.6749
600.6971
602.9974
602.2297
597.8046
597.1203
600.0903
599.4304
601.8958
599.6228
598.6798
599.3119
599.4855
599.9859
599.4756
598.6868
597.2134
600.6541
598.8538
600.1701
597.3068
599.5642
602.1127
600.5634
600.4986
601.0631
602.0156
598.9516
599.8401
600.7381
599.5688
599.2321
600.2387
599.6438
600.4762
599.5135
602.6608
599.8588
600.0694
599.0450
597.5510
600.2180
600.5617
602.6358
602.7271
602.0388
599.2532
597.8280
600.2352
602.8606
602.9711
600.4994
599.0151
602.4814
598.3814
599.3186
602.0387
601.2957
599.3273
597.7003
597.6711
602.5223
601.8270
602.4154
602.3868
598.4651
597.3034
600.7583
600.9688
598.9573
599.5708
602.3746
597.7019
599.9719
597.4068
601.4975
600.0457
598.4517
599.2419
601.2501
602.6416
598.7865
600.1753
602.9954
597.6081
601.9509
600.5759
599.8960
602.7407
599.4506
600.4591
600.6384
602.8109
600.7558
597.8415
600.1918
600.6526
602.7673
601.8852
600.0999
598.4801
599.6600
598.4741
597.8220
598.6958
602.1918
599.7395
599.8558
601.3899
599.9009
600.1139
598.7920
602.5501
601.7582
598.8613
597.7039
597.2154
602.1397
599.8143
599.4860
598.1877
600.4139
600.0804
599.7297
600.8777
601.1171
601.0459
598.9172
600.6115
601.0767
601.8442
602.2086
599.4052
600.2054
599.7754
598.4786
598.8758
599.6465
602.8616
602.1155
600.5826
597.4185
597.0028
600.7334
598.2337
597.3458
599.6131
597.2770
597.6053
601.8941
597.3053
602.9803
602.0113
601.9855
600.8818
599.8551
599.0213
599.6942
599.6010
602.4344
601.2844
601.9882
601.2341
597.1337
601.9630
601.7399
601.7500
599.7570
598.8267
597.4995
598.9281
600.1980
601.0867
600.3274
600.6280
599.4946
602.2105
602.9887
597.3038
599.3100
598.2285
598.8810
599.6568
599.4026
602.0013
597.7779
602.9211
602.3399
600.7408
601.3857
598.0407
599.9145
599.9530
599.8841
599.1795
601.8588
601.1636
599.6702
599.8424
600.1063
597.8078
598.3582
602.1522
598.5623
598.1674
598.8802
601.7808
599.8168
601.5062
600.1625
602.6559
602.4653
599.4243
602.2306
601.9845
600.6401
601.2137
600.8069
598.9616
602.9576
600.2929
601.9871
602.4848
597.2544
598.4922
602.8113
599.2287
602.9625
599.7432
597.1779
597.6892
598.7563
597.3162
601.7300
598.0327
601.9081
599.2735
599.9801
598.2449
601.9090
597.5740
599.3034
597.4810
599.5993
602.1261
599.8201
601.1592
602.0864
597.8177
598.2456
601.6441
597.1954
601.6910
601.9426
597.1141
597.3263
599.7517
598.7837
599.1738
597.4705
600.4829
600.0994
597.3900
599.6254
600.9849
600.0172
601.7378
600.4146
600.8648
600.9139
597.5032
600.2056
600.2487
597.9676
601.4892
599.0170
602.5467
600.6410
599.9282
599.7016
597.9502
599.9331
598.4754
602.6083
601.4942
600.5079
597.6585
597.7675
599.4493
598.0051
598.4878
601.5572
602.0353
599.4038
602.3090
599.7137
597.7234
600.3611
597.9050
600.2646
599.7002
601.4089
602.6535
597.6591
601.9347
602.0436
598.4035
597.7159
602.8236
599.1565
599.7652
601.4139
599.4424
601.7455
601.6420
602.2863
597.5271
597.8434
597.6005
597.7181
600.9985
597.8276
601.3186
599.2429
598.2070
598.6410
600.8384
600.8572
599.8166
597.1700
599.6744
601.5259
600.0702
601.2805
600.1731
597.7203
601.6217
597.2530
597.5904
598.8373
597.6925
600.7235
599.2531
597.2668
599.9188
600.6445
599.0628
598.5676
600.6694
601.3153
602.1753
602.9172
599.1516
599.3378
600.1239
602.7359
600.9791
597.0568
600.3445
597.5546
597.0699
599.5935
597.7423
602.0470
601.0302
597.9480
599.5610
602.3620
597.9022
599.3866
597.8297
601.9546
597.1631
598.5603
597.3101
598.4847
601.3666
598.0740
598.6751
601.6638
601.6739
600.2713
599.5493
602.6520
601.2330
602.6793
602.7721
601.8854
601.8312
598.3368
602.6725
601.9310
599.3146
601.2491
600.8185
602.3291
600.5361
597.8136
601.1758
599.8671
599.7906
598.1548
600.7162
602.1533
602.2915
601.5244
598.2951
601.3986
600.5723
597.9915
601.2729
598.5206
602.1194
602.6317
602.0165
601.8170
597.5365
598.9058
598.6185
600.7133
599.9697
599.9320
598.1073
602.5682
598.1883
602.3811
598.7649
597.6371
599.3096
598.8931
602.6669
599.0292
597.4559
602.1801
598.3701
598.6329
598.4597
600.6825
597.0295
598.2391
602.6349
598.5344
599.6629
597.0279
600.1360
602.4424
597.8114
598.5834
598.1630
599.0502
599.6622
598.5928
602.0820
597.1184
598.3380
599.8800
597.4692
601.2868
598.8090
600.6873
600.9018
602.1681
599.2027
600.4138
600.0273
597.5303
600.2128
600.4011
599.5882
601.5506
600.4475
600.8015
597.7183
602.7522
601.1078
597.1962
601.8055
597.2009
598.8279
598.4850
594.2423
595.7042
593.1207
593.7870
590.7491
590.3799
591.6152
587.7515
586.3382
585.0181
585.9580
579.8947
577.6406
579.8284
575.3167
572.7967
570.6340
567.2924
568.0965
562.3588
562.6390
558.0719
557.4161
553.5450
553.0924
547.7330
544.1386
540.9852
540.8536
535.3031
534.5269
532.4091
524.1773
520.5475
519.1559
515.8386
512.8459
509.0334
505.9794
498.5054
498.2951
491.4002
489.5721
486.4663
480.5616
478.1472
473.7207
467.5772
465.3248
458.8025
454.6112
449.5025
443.3564
441.0325
434.9781
430.0389
424.3986
419.8901
416.4839
410.3144
409.0742
404.0845
396.3937
391.5809
389.0971
383.3192
375.5321
371.0977
365.9324
364.3361
358.8949
350.0783
347.1177
339.7459
335.9363
331.6326
325.9451
322.4759
316.0856
309.8808
304.1394
300.0744
295.9186
289.3092
283.4936
280.3278
272.1512
268.5213
262.1632
259.2126
252.8993
247.8626
243.8754
236.6663
231.8224
228.7462
223.1389
215.9114
211.6076
208.4888
202.5277
195.7403
192.4205
189.1392
181.6577
177.1671
171.7229
168.1027
162.3737
158.5511
154.1247
150.5953
146.5124
141.7242
136.9700
133.5024
128.1354
124.6874
120.5940
116.3639
112.5111
106.3356
102.0538
98.6770
94.5302
92.8285
86.9615
83.2107
80.8256
77.6604
72.5111
70.4821
67.4315
63.3604
60.4007
57.2593
53.6415
51.1389
48.3389
44.5151
42.9776
41.2656
37.4023
35.9517
33.4913
29.5166
27.1786
26.9181
23.2383
22.3502
20.0775
17.4845
17.3685
15.1271
12.8878
11.5557
11.1879
8.9222
8.6794
5.7627
5.4315
5.0863
3.3842
2.7604
2.1519
2.1104
1.8820
1.3653
-0.1264
-0.3775
0.4502
0.0599
-0.0132
-0.7708
-0.5193
-0.2949
0.2704
0.2502
-0.0807
0.3956
-0.5072
-0.3602
-0.5050
0.9982
0.8840
-0.7390
0.3231
-0.3941
-0.0793
0.4938
0.4765
0.8107
0.8421
0.6130
0.0208
0.1374
-0.1331
-0.2617
-0.2136
0.7668
0.9739
-0.2484
0.5320
0.1368
0.6640
0.0686
-0.0784
-0.0586
-0.5588
-0.6254
-0.9088
0.2034
0.3492
-0.6432
-0.1282
-0.1578
-0.2986
-0.7705
0.1198
-0.2974
-0.9752
-0.2082
-0.4546
-0.3730
0.5596
0.7868
0.3530
0.9043
0.4910
-0.7913
0.2906
-0.9349
0.1302
-0.5200
-0.9439
-0.3052
0.8438
-0.3429
0.8523
-0.3419
0.3621
-0.6016
0.1573
0.1754
-0.0410
0.6725
-0.9838
0.8913
0.6038
-0.8349
-0.0345
-0.2695
0.3525
0.8851
-0.1894
-0.6333
-0.8270
-0.3572
0.7158
0.1303
-0.3766
-0.1192
-0.3947
-0.7110
-0.3366
0.4825
-0.7289
-0.9947
-0.4326
-0.2054
0.1293
-0.9981
0.9962
-0.7393
-0.3226
-0.2086
0.2593
-0.8417
0.0793
-0.1951
-0.1663
0.9283
-0.5870
0.0876
-0.1040
0.6919
0.9094
-0.8972
-0.6080
-0.1812
0.7777
-0.0324
0.4365
-0.7611
0.9053
0.6389
-0.3317
-0.8814
0.0652
0.5519
0.8454
0.5417
0.7927
0.4737
-0.9788
-0.5186
-0.1021
0.5671
0.7638
-0.5508
-0.5683
-0.8460
0.7654
0.6469
-0.0800
-0.0307
-0.1259
-0.3069
0.1145
0.9852
-0.1417
-0.1654
-0.6214
-0.4381
0.2508
0.1010
-0.7121
0.8227
0.5342
-0.8663
0.2544
-0.0711
-0.6476
-0.2786
-0.4665
-0.0579
0.8055
0.0227
-0.9684
-0.4624
-0.1385
-0.3010
-0.7862
0.0433
-0.9747
-0.2028
-0.5804
-0.1773
-0.5846
0.6894
-0.8985
0.7778
-0.3748
-0.2987
-0.5104
-0.2168
-0.4220
-0.6980
0.2666
0.2547
0.8360
0.1238
-0.4608
-0.6004
-0.1894
0.2301
-0.0669
0.0818
-0.5227
0.3754
-0.2216
-0.3774
0.7703
-0.1901
-0.7836
-0.3287
0.3806
0.0558
-0.0433
0.0402
-0.7465
-0.5388
-0.3280
-0.9782
-0.3591
0.5239
0.2766
-0.3590
0.9302
0.3326
-0.3118
-0.9885
0.9247
-0.9964
-0.3512
-0.9953
0.1021
0.9459
0.8697
-0.3444
-0.2543
0.1069
-0.9676
-0.4235
0.4391
-0.4383
0.5532
0.0107
0.0617
-0.6181
0.4886
0.1356
0.0776
0.2681
0.0990
0.7770
0.7443
-0.1175
-0.0236
0.7561
-0.4240
-0.3816
-0.9519
-0.4371
0.0646
0.8654
0.9700
-0.4102
-0.3256
0.6423
0.1287
0.2295
0.8640
0.5099
0.8328
0.5670
-0.5782
-0.2134
-0.1178
-0.9200
-0.9302
0.2124
-0.6234
0.9673
0.6169
0.7567
-0.4673
0.0758
0.2074
-0.1915
-0.3008
-0.4718
0.5814
0.1419
0.4960
-0.6905
0.5786
0.5882
-0.5576
-0.8729
0.9634
0.5670
0.4684
-0.9764
0.4433
0.9546
0.8480
-0.8491
0.3431
0.0535
-0.7549
0.3063
0.7337
-0.6769
0.2692
0.6464
0.0513
0.6217
-0.4566
0.0080
0.7138
-0.4330
0.7164
0.2960
-0.7963
0.4409
0.8832
0.7441
-0.8451
0.3869
0.1834
-0.2913
0.3930
0.2188
-0.2044
-0.1571
-0.5020
-0.6407
-0.9420
0.4744
0.8597
0.4119
-0.9038
0.9933
-0.8826
-0.6085
-0.9791
0.0648
-0.7148
-0.6319
-0.7920
0.2511
0.4627
-0.4052
-0.5913
0.5030
-0.1426
0.5741
-0.3138
-0.2953
-0.9314
-0.2278
-0.6342
-0.7991
0.9663
-0.6383
-0.7910
0.2397
0.5440
-0.6528
-0.6286
-0.5357
0.8954
-0.3166
-0.4152
0.6134
-0.9367
-0.6000
0.2854
-0.2848
-0.7614
-0.9345
0.3391
-0.0218
0.1305
0.1569
-0.2226
-0.9051
0.1159
0.5609
-0.8275
0.4660
-0.9421
-0.9598
-0.3489
0.1498
0.5247
0.2238
0.6641
0.9093
0.6760
0.1555
-0.3002
0.0482
0.5498
0.9678
0.4337
-0.6043
0.4120
0.0236
0.7718
-0.8859
0.0820
-0.1546
-0.7182
-0.2532
0.4429
-0.0485
0.3573
0.7454
-0.1551
-0.3894
0.6038
-0.0920
0.5295
-0.3100
-0.8177
0.8389
-0.4856
-0.4447
-0.7437
0.5205
0.8086
0.3679
-0.1961
0.8446
0.2106
0.8941
-0.4455
-0.5526
0.7724
-0.5887
-0.2264
0.6856
-0.2193
0.0690
-0.7147
-0.0498
0.1025
0.8202
0.1040
-0.8432
-0.2578
0.7845
0.4445
-0.5846
0.5203
0.8638
0.3278
-0.3251
0.7546
-0.0360
0.3069
0.5234
-0.3979
-0.1352
0.5528
0.0309
0.9527
-0.4239
-0.5875
-0.5181
0.0116
0.6299
-0.0740
-0.2469
-0.1953
0.2432
-0.7518
0.2819
-0.2164
0.9053
0.4777
-0.4993
-0.2226
0.5751
0.0641
0.7144
0.8873
-0.1278
0.1665
-0.4400
-0.5825
-0.7873
-0.1845
0.9178
-0.9137
0.9075
0.6300
0.2925
-0.6722
-0.9795
-0.6217
0.2307
-0.1376
-0.2644
0.4940
0.8942
0.3063
-0.5243
0.7827
0.4925
-0.8172
-0.3962
-0.9023
0.3054
0.9455
0.3445
-0.2000
-0.7527
-0.7942
-0.0519
-0.9915
0.1091
0.4721
0.1840
0.4695
-0.0215
0.8242
-0.7901
-0.4631
-0.7080
0.9663
-0.3782
-0.0625
0.9884
-0.9148
-0.9340
0.7208
0.4813
0.2469
-0.8972
0.4293
-0.6971
0.2227
0.2697
-0.9258
-0.4288
0.7126
0.7388
-0.6027
-0.1958
-0.7897
-0.0163
0.5456
0.4933
0.8884
0.2712
-0.9961
-0.8507
-0.2712
-0.5006
-0.5880
-0.5886
0.9628
-0.4671
-0.2811
0.7514
0.7696
0.9064
0.7924
0.8886
-0.0205
0.8648
0.3483
-0.6150
0.4808
-0.5658
0.4477
0.8058
-0.6598
0.2293
0.1899
-0.1574
-0.7075
-0.9622
0.6496
0.6524
-0.5738
-0.2052
-0.9392
-0.5533
0.4400
-0.4670
0.3779
0.8733
0.1695
0.9311
-0.5265
-0.1060
0.0179
-0.1888
0.9595
-0.9745
0.8581
-0.6424
0.7139
-0.3516
0.7616
0.8798
0.8827
0.9067
0.0207
0.1488
-0.8180
0.0745
0.7015
0.3708
0.4161
-0.1640
-0.3877
0.5022
-0.9308
-0.9737
-0.5389
0.2756
0.5007
-0.3139
-0.0106
0.7661
-0.6361
-0.2549
-0.1270
-0.7094
-0.5708
0.1273
-0.7774
0.6852
0.7589
-0.3235
-0.3596
0.0276
-0.9679
0.8471
-0.8363
-0.6134
0.9528
0.2037
-0.2844
-0.2157
0.2879
0.8549
-0.4447
-0.3427
-0.2765
0.7489
0.8932
0.7021
-0.9965
-0.3864
-0.9400
-0.5097
-0.1483
0.9312
0.3160
-0.1589
-0.3174
0.3933
0.6158
-0.0387
0.9039
0.5077
0.0320
0.4170
-0.8960
0.1671
0.3419
0.0154
0.7489
-0.4113
0.0186
0.8314
-0.1778
0.9415
0.0987
0.1919
-0.6401
-0.9552
-0.1884
-0.6058
0.7717
0.5093
-0.1041
0.6445
0.0939
-0.0699
-0.3225
-0.6341
0.1394
0.4527
0.8764
0.5175
-0.6303
0.8596
-0.6143
0.3983
0.6258
-0.3419
0.1818
-0.7890
0.2963
-0.4715
-0.6576
0.7305
-0.6913
0.4431
0.2339
-0.2762
0.4641
-0.4534
0.5700
-0.0321
-0.0282
0.1255
0.4759
-0.5818
0.1884
0.4673
-0.2120
-0.0880
0.9555
-0.6065
0.9499
-0.2408
-0.4378
-0.2206
0.6789
-0.0854
0.7589
-0.0968
-0.9079
-0.1017
0.0955
-0.2999
0.2309
-0.7013
-0.0776
-0.9868
0.2717
0.6653
0.3203
-0.6228
-0.6630
0.3187
0.5419
-0.8394
-0.2195
0.5206
0.8112
-0.3754
-0.9006
-0.4806
0.5626
0.7710
0.9919
0.3464
-0.5583
-0.9538
-0.1723
0.9490
-0.9548
-0.4389
0.2587
-0.1923
0.5489
-0.6040
0.2183
-0.5158
0.0597
0.0791
-0.6957
0.3517
0.6528
-0.8057
0.8927
-0.7313
0.5057
0.1553
0.2996
-0.9608
-0.4126
0.8649
0.2518
-0.0313
0.8253
-0.7161
0.8000
-0.6890
-0.6447
0.8803
-0.9843
-0.7099
-0.1274
0.7361
0.4248
0.9477
-0.0588
-0.3944
-0.2131
-0.2942
-0.5514
0.4500
0.1383
-0.1457
-0.9375
0.6100
-0.2919
-0.5298
0.0139
0.3289
0.8651
0.1486
0.7952
-0.0011
0.6846
0.0943
-0.8892
0.5657
-0.2280
-0.9453
-0.1547
0.0563
0.5732
0.5337
-0.8704
0.9171
0.9093
0.7168
0.7476
-0.2366
-0.0967
0.0565
0.8351
-0.9743
0.7270
-0.3929
-0.1792
0.2408
-0.0430
0.6589
-0.7506
0.5401
0.1523
0.3008
-0.5448
0.2970
-0.7352
-0.2007
0.5945
-0.4382
-0.9391
0.8944
-0.2031
0.7582
-0.6494
0.0983
-0.2139
0.7235
-0.6052
0.5734
-0.3696
0.5785
0.6992
-0.7363
-0.1709
-0.2174
-0.2220
-0.3895
0.2175
-0.9061
-0.4770
-0.9913
0.5899
-0.5862
0.2409
0.4004
0.4622
0.4269
0.5129
0.2657
0.1145
-0.0314
0.4604
0.2190
-0.8693
-0.5988
0.5861
0.2601
-0.2336
0.5373
0.5951
-0.2459
-0.2677
-0.5998
0.5626
-0.8712
0.6855
0.2011
-0.9726
-0.4045
0.4080
-0.4672
0.0449
-0.6102
0.6568
0.7310
-0.0233
0.7004
0.0859
0.8603
-0.9257
-0.4430
-0.7563
0.9461
-0.4971
0.4271
-0.5571
-0.9749
-0.2659
-0.0475
0.4186
0.3926
-0.9363
0.1157
0.0100
-0.0672
0.7658
-0.6889
0.9424
0.8247
-0.4010
0.7728
-0.1371
-0.0265
0.9238
-0.0007
0.2334
0.1191
-0.1446
0.0139
0.1669
0.3127
0.3215
-0.0011
-0.6564
0.3552
0.7850
0.7630
-0.9569
-0.6907
-0.0766
-0.3786
-0.0880
-0.3016
0.7293
0.7990
0.1437
-0.7130
0.6595
0.8749
-0.6411
-0.1743
0.4988
0.5746
-0.0581
0.0429
0.4194
-0.1934
0.4142
-0.6603
-0.5273
-0.8363
0.0616
-0.2804
-0.4225
0.3494
-0.6612
0.3430
0.1950
0.6888
-0.0597
-0.1123
-0.8185
0.2718
-0.0410
0.4215
0.0286
0.6683
-0.3196
0.7505
0.7974
0.1059
-0.8121
-0.9832
-0.3514
0.1334
-0.9138
-0.0863
0.8449
0.4536
-0.4212
0.3832
-0.9646
-0.8527
0.4893
-0.7101
-0.9978
0.5436
-0.5245
-0.1323
-0.8898
-0.0164
-0.9950
-0.2048
0.9311
0.6703
0.3268
0.0918
0.2773
0.2595
-0.2974
-0.0220
-0.7014
0.3481
-0.0629
0.4364
0.0389
0.8154
-0.5122
-0.2124
-0.8082
-0.5916
0.5499
0.2579
0.5786
-0.0571
0.4215
-0.4627
0.0927
-0.1271
0.8226
-0.2845
0.9735
-0.7688
0.1385
-0.3691
0.8961
0.3817
0.3572
-0.7872
-0.4138
0.3637
-0.2568
-0.1134
-0.5179
0.4659
0.8520
0.3844
0.5476
0.5000
-0.2841
-0.3972
-0.0428
-0.9670
-0.0206
0.2156
0.3819
0.3916
0.3667
0.0145
-0.0109
0.6701
0.9685
-0.1155
-0.9767
-0.9397
0.5245
0.6359
-0.8191
-0.4893
-0.5322
-0.9675
0.5069
-0.4492
-0.7073
0.1170
0.8675
-0.9328
0.3696
-0.2266
-0.9818
0.1534
0.2495
-0.1713
0.8120
0.9614
0.5862
-0.2764
-0.5805
-0.4701
-0.3854
0.8823
-0.9529
-0.6718
0.8395
-0.8530
0.0315
-0.3269
-0.5626
0.5515
-0.5051
-0.4848
0.9509
-0.4557
-0.9043
-0.0079
-0.7768
-0.8938
-0.4665
-0.0396
0.7922
0.0375
0.9922
-0.7670
0.4522
0.6300
0.5827
-0.3334
0.4155
-0.9802
-0.0331
0.9851
-0.0845
0.0409
-0.9122
0.6527
0.7700
0.9194
0.9498
0.6256
-0.0851
0.8409
-0.1612
0.3038
-0.7641
0.5487
-0.8759
0.7580
0.3849
0.8113
0.9867
0.7784
-0.9128
-0.7409
0.3283
0.7672
0.8598
0.5054
-0.0220
0.0579
0.3832
-0.3876
0.9496
0.2702
-0.2113
-0.7756
-0.0016
-0.6610
-0.3580
-0.3150
-0.7662
-0.3118
-0.5923
0.7617
0.4061
0.4315
-0.3620
0.8134
-0.0854
-0.7584
0.9112
-0.0135
0.1095
-0.6621
-0.2619
-0.6475
0.1402
0.5046
0.9681
-0.3331
0.7177
0.2604
0.4442
0.5252
0.2605
0.4722
0.1738
0.9103
0.2799
-0.3453
-0.0422
0.2608
-0.5321
0.7478
0.5072
0.6964
0.8825
0.6412
-0.4081
-0.8333
0.8555
0.6545
0.9121
-0.6653
-0.7082
0.5385
0.4042
-0.2757
0.1280
-0.9659
-0.8659
0.1853
0.1408
0.4125
-0.3592
0.1464
-0.0554
-0.3349
0.7029
-0.4488
-0.4744
0.2982
-0.8201
0.3850
0.9333
0.3108
0.3854
0.2259
-0.7973
0.2476
-0.9301
-0.3666
0.0756
-0.9041
-0.4920
0.0866
-0.9745
0.6606
0.8878
-0.6577
-0.4805
-0.2018
-0.0007
0.0685
-0.7477
-0.1035
-0.8654
0.4933
-0.4129
0.2740
-0.8907
0.4630
0.7033
0.4919
-0.7528
0.6612
0.6940
-0.4692
-0.9005
-0.9091
-0.8203
0.4247
-0.1111
0.7887
-0.5034
0.2565
0.0125
0.7351
0.6003
-0.4446
-0.9998
-0.0415
-0.4547
0.8868
0.8594
-0.2110
-0.3933
0.0727
-0.2142
-0.8524
0.9836
0.6566
0.2533
0.5433
0.9414
-0.1939
-0.3108
-0.0689
0.6988
0.8537
-0.0322
0.8356
-0.5138
0.9482
0.0434
-0.5763
0.5796
0.9850
-0.4896
-0.7911
0.1541
-0.7946
-0.3361
-0.0616
0.8377
-0.0756
0.9239
0.8770
-0.6055
-0.8972
0.0719
0.6942
-0.5890
-0.6663
-0.8819
0.8582
0.9585
0.0491
-0.2785
-0.0013
0.9426
-0.8283
-0.0900
-0.7138
-0.5417
0.1820
-0.9496
0.3902
0.4537
0.2293
-0.9863
-0.5161
-0.0736
-0.3086
0.8419
0.5804
0.8119
-0.7486
0.4187
-0.8300
0.2974
-0.2451
0.7994
0.1159
-0.0520
0.6760
-0.3482
-0.1450
-0.2444
0.7316
-0.2062
0.0872
-0.2292
0.3828
0.2237
0.8218
0.6972
0.7023
0.6786
0.0006
0.5616
-0.9255
0.7760
0.2240
0.7738
0.5858
-0.8202
0.9733
-0.0765
-0.1701
0.5719
-0.4358
-0.5720
-0.9166
0.8702
0.4852
0.6986
-0.6952
0.6840
-0.0191
-0.4537
-0.7662
0.4548
-0.5633
0.5825
-0.5887
-0.9340
-0.9735
0.8713
-0.5313
0.6953
0.4634
0.4364
-0.1238
-0.6186
0.0081
0.8698
0.1533
-0.5875
0.0944
-0.3811
-0.5161
-0.0751
0.2200
0.3386
-0.4832
0.6222
0.8340
-0.2439
0.5834
0.6707
-0.9705
-0.3563
0.0972
-0.8092
-0.9926
-0.1787
0.6819
0.8355
-0.9642
0.7494
0.5661
0.3260
-0.0905
0.7347
-0.5985
-0.3762
-0.0163
0.2291
0.2612
-0.6210
0.0557
0.1849
-0.2591
0.8564
-0.6901
0.5359
0.8019
-0.0700
0.5815
-0.9008
0.6388
0.2969
0.8090
0.6249
0.8827
0.0041
-0.3031
0.7262
0.1724
-0.9775
0.4742
0.1790
0.8559
-0.8383
0.6370
-0.8843
0.9573
-0.5790
0.0306
-0.3109
-0.1615
-0.6498
-0.9703
-0.2585
-0.7026
0.4014
0.0363
0.9666
0.5401
-0.5658
0.9796
-0.7292
-0.5874
0.4575
0.9971
-0.6940
-0.9757
0.9191
-0.3570
0.7979
-0.5250
0.6457
-0.0965
0.1879
0.1829
0.3590
0.7618
-0.9587
0.1425
0.5472
-0.9412
0.5294
0.5495
-0.7702
0.2672
0.7730
-0.9560
0.2338
0.5945
-0.9257
-0.4270
0.9800
0.8351
-0.9882
-0.1773
-0.8158
0.8925
0.7222
0.1218
-0.9075
-0.9877
0.4674
0.0064
-0.4348
0.9551
0.1626
-0.0675
-0.0422
-0.1327
-0.5987
-0.0090
-0.0187
-0.3423
-0.3486
0.8361
0.2308
0.6039
-0.5751
0.1635
0.1080
-0.6732
0.6406
0.0378
-0.8498
0.4051
0.8429
0.8192
-0.0764
-0.2561
-0.2564
0.3964
0.2897
-0.6441
-0.6442
-0.8154
0.4257
0.7118
-0.3850
-0.6222
-0.0512
-0.4687
-0.7904
-0.6167
-0.4221
-0.8216
0.2701
0.2582
-0.6661
0.3444
-0.8862
0.3845
0.2815
-0.4060
0.9530
-0.8783
0.2641
-0.5870
0.0843
0.4196
0.6627
0.2236
-0.0349
-0.6580
0.5385
0.2275
0.1365
-0.0051
0.9179
-0.4770
0.5100
0.7487
-0.2579
0.4379
-0.4371
-0.9571
-0.5911
0.0579
-0.7382
0.3681
-0.8662
0.9744
0.6971
0.3825
0.2268
-0.1501
0.0537
0.4354
-0.3042
0.4550
-0.7656
-0.2925
0.7978
-0.5109
0.6158
0.6741
0.8403
-0.9989
-0.4515
0.6810
-0.1777
-0.3127
-0.6335
0.5607
0.2472
0.8382
-0.3531
-0.2330
-0.2348
0.6146
-0.7128
-0.7409
0.4955
-0.5200
-0.8132
0.8076
0.4312
0.5622
-0.7347
-0.8256
-0.0251
0.8092
-0.1068
-0.5686
-0.9133
0.7841
-0.8889
0.4085
0.4680
-0.6061
0.2801
-0.8203
-0.5616
0.3044
0.1471
0.9472
0.1439
0.0958
-0.0241
-0.2857
-0.0275
0.8507
0.9198
0.0735
0.0556
0.0507
0.8560
-0.9657
-0.2341
-0.8382
0.6726
-0.1394
-0.8349
0.5126
0.4809
0.7505
0.2785
0.2227
0.1997
-0.4325
-0.6787
0.0130
0.6806
0.2970
-0.9647
-0.1705
-0.9345
0.1773
0.2017
0.2703
-0.9498
-0.4780
-0.5021
-0.7501
-0.1422
0.6108
0.6036
-0.2450
-0.1544
-0.7312
-0.7620
-0.0947
-0.3062
0.5834
0.6968
0.8376
0.9901
0.0050
-0.0047
0.6967
-0.2081
-0.1912
0.7000
-0.3524
0.8391
0.1071
-0.7519
0.0124
0.0414
0.9639
-0.0653
-0.3560
-0.8280
-0.6991
-0.7692
0.5091
-0.8591
0.9157
-0.0681
-0.6389
-0.2260
-0.3445
-0.8575
-0.0680
-0.4599
0.6249
-0.9459
-0.3575
0.0705
0.7978
0.3402
-0.6883
-0.3710
0.5346
-0.2557
-0.5573
-0.8541
-0.4906
-0.0455
-0.2265
0.7616
-0.9032
-0.7852
-0.0686
0.9309
0.5290
-0.4405
-0.8557
-0.6083
-0.3993
0.7876
-0.5410
0.1581
0.1759
-0.5683
-0.9912
-0.3913
0.3708
0.0649
0.5119
0.6759
0.4268
-0.8038
0.8199
0.6630
-0.3636
0.4109
0.9092
0.7212
0.3349
-0.2053
0.1329
0.0795
-0.5206
-0.7226
-0.7113
-0.9368
-0.6852
-0.3747
0.5715
0.6032
-0.5442
-0.1937
0.1686
-0.3222
0.5339
-0.9750
0.2305
-0.2313
-0.6909
0.6051
-0.5165
-0.6229
0.7632
-0.6968
0.4294
-0.5021
0.6305
-0.1745
-0.0507
0.4757
-0.9061
-0.7175
-0.8695
-0.2140
0.6045
-0.5211
0.8073
0.5010
-0.3153
0.6771
-0.2194
0.7364
0.9161
-0.7270
-0.5044
-0.1369
0.9142
0.0787
0.4454
0.1432
0.8027
0.3177
-0.2980
0.4296
-0.2272
0.3654
-0.5993
0.9001
-0.5444
0.1606
0.6264
-0.8988
-0.7577
0.2637
0.4254
-0.0113
0.7376
-0.9932
0.0865
0.7304
0.1385
0.1465
-0.5789
0.0687
0.1637
0.1160
-0.8815
0.9062
-0.0220
-0.8090
-0.9949
0.9005
0.4436
0.0399
0.2161
-0.2772
-0.7033
0.8462
-0.8233
0.5948
0.2733
-0.7502
-0.9154
-0.8072
-0.4586
0.4530
-0.3678
0.3745
-0.6662
-0.7931
-0.3797
0.6473
0.9203
-0.2460
0.6096
-0.2911
-0.0423
0.2219
-0.7346
0.3912
-0.2033
0.1916
-0.3201
0.3538
-0.5349
-0.3423
0.2466
0.9589
0.0807
-0.2397
-0.2773
-0.3989
0.1525
0.0411
0.9768
-0.3975
0.6920
0.3733
-0.6716
0.6750
-0.4247
0.4426
-0.8574
-0.4285
-0.0106
0.3156
0.6433
-0.1638
-0.2467
-0.6822
0.3961
0.1799
-0.7990
0.6128
0.2996
0.4788
-0.0294
-0.8727
-0.9747
-0.8612
-0.1970
0.0672
0.9802
0.9212
0.4571
0.2661
-0.2904
-0.2945
-0.5921
-0.9002
0.9999
0.4614
-0.9364
-0.7877
-0.1660
-0.3467
-0.5499
-0.4039
0.8175
-0.4518
0.9477
0.9276
0.4014
-0.6473
-0.8519
-0.7120
-0.3669
-0.6342
-0.2114
-0.0884
-0.9866
-0.8299
0.0041
-0.2510
0.9280
-0.4002
0.6546
0.0904
-0.1461
-0.6530
0.8613
0.2529
0.6193
0.0916
-0.7165
0.4645
0.0384
0.4592
0.5538
0.4686
0.3126
-0.3115
-0.1524
-0.6550
0.6095
0.4605
0.3703
-0.2569
-0.5503
-0.1641
0.6722
-0.8626
-0.6065
0.8472
-0.5282
-0.9151
0.1490
0.2727
-0.3669
-0.4903
-0.6840
-0.4990
-0.1172
0.5440
0.3095
0.9212
0.9024
0.2683
-0.4610
-0.3035
-0.5070
-0.4121
0.9203
0.2209
0.3246
-0.0141
-0.8997
0.4805
0.0447
-0.1009
0.7624
-0.1150
0.8412
0.5757
-0.1905
-0.1967
-0.4779
0.7830
0.8450
0.7316
-0.3371
-0.5861
0.1749
0.5237
-0.4370
-0.1183
0.9122
0.6267
-0.7735
0.9635
-0.7468
0.3841
-0.6878
0.2357
0.6887
0.5294
0.1478
-0.4027
-0.9243
0.8651
0.8116
-0.9818
-0.7293
-0.9155
-0.3392
0.0012
-0.2240
-0.8316
0.4944
-0.1326
0.6096
0.0987
-0.7002
-0.9987
-0.6628
-0.1328
-0.5241
0.8921
0.8969
0.7498
-0.4903
0.1823
-0.2299
0.5697
0.6001
0.8304
-0.9453
-0.0356
-0.7494
0.0569
0.6225
-0.7006
0.3041
-0.5463
-0.6887
0.8187
0.6031
0.6644
-0.9066
-0.7145
0.4183
-0.5684
0.8217
0.4008
-0.3670
-0.4389
0.2801
-0.7592
-0.8724
-0.7195
-0.1293
-0.9557
0.5679
-0.5017
-0.7108
0.7888
0.7415
0.0415
-0.4597
-0.1200
0.7624
-0.2004
-0.3894
0.8205
0.7976
-0.1641
-0.0889
0.1423
-0.5450
0.5785
0.2984
-0.4493
-0.6781
-0.7680
0.2203
0.0491
-0.2723
-0.7572
0.9214
-0.3897
0.1713
-0.1532
0.7428
0.9439
0.4755
-0.3879
0.8349
0.9191
0.5998
0.4974
0.8824
-0.4126
0.2827
-0.8507
0.8988
-0.4233
-0.5252
-0.2787
0.0808
-0.4730
0.2601
-0.8030
-0.7647
0.5852
-0.4632
0.0476
0.0712
-0.1143
0.5780
-0.7718
0.7406
0.8695
-0.4076
0.7041
0.9604
0.9324
-0.0960
-0.5164
0.0182
0.4782
0.4135
0.4884
0.0259
0.4844
0.9429
0.4775
-0.4634
-0.1286
0.9192
0.2259
-0.8351
-0.9095
0.7340
0.2039
-0.8660
-0.1014
-0.6056
-0.1480
0.4195
0.0097
0.4098
0.9306
-0.5321
-0.2741
-0.9131
-0.0291
-0.6655
0.5275
0.3297
-0.0966
0.7352
-0.5222
0.9771
-0.6162
0.0356
0.3585
-0.1538
-0.0725
0.6116
-0.9088
0.0798
0.4416
-0.4745
0.5813
0.2145
-0.7262
0.2882
0.7882
0.6818
-0.2345
-0.0289
0.3618
0.0608
-0.3570
0.7077
0.8656
0.4058
0.3980
0.3377
-0.5691
-0.9508
0.3161
0.5973
-0.8435
-0.6449
0.6015
0.9139
-0.5130
0.0162
-0.6655
-0.0805
-0.7808
0.3636
0.0976
-0.7381
-0.3623
0.2336
-0.7804
-0.1979
-0.3423
-0.0017
-0.6743
0.4241
-0.5226
0.0371
0.8144
-0.7798
-0.1979
0.4586
-0.9390
-0.9903
0.5995
-0.1032
-0.2752
0.9229
0.2779
-0.5108
0.6909
0.3220
-0.4820
-0.8730
-0.6132
0.0997
-0.7689
0.4059
0.5921
-0.3667
0.4541
0.9345
0.1882
0.5998
0.7160
-0.9206
0.2992
0.7417
0.0922
0.3073
0.2130
-0.3405
-0.1546
0.0185
0.4992
0.3832
-0.7582
-0.9088
-0.7467
-0.9436
-0.1991
-0.9517
0.5961
0.2974
0.3823
0.7203
0.2991
0.3678
-0.0117
-0.7273
-0.5034
0.0328
-0.2503
0.4419
-0.2457
-0.9335
-0.6682
0.6353
0.4821
0.6656
0.7815
-0.4448
0.3010
-0.3412
-0.0380
-0.5466
0.5559
0.6221
-0.2877
-0.5740
0.7977
0.3943
0.0545
-0.0257
0.0069
0.3753
0.3502
0.7118
0.2236
-0.6659
0.0454
-0.6620
0.5791
0.5202
-0.0819
0.1431
0.3215
-0.0723
0.0046
-0.5582
-0.1917
0.6724
-0.3575
-0.0234
-0.4081
0.9710
0.9185
-0.8107
-0.3349
0.9520
-0.2495
-0.0036
-0.2255
0.8870
0.3014
0.9342
0.2374
0.3135
-0.7073
0.0834
0.7018
0.9023
-0.9591
0.1291
0.9985
-0.6327
0.9117
-0.8359
0.6649
0.7362
0.0052
0.2632
0.1466
0.9421
0.9386
0.6547
-0.9855
-0.4206
0.6912
0.8198
-0.1794
-0.3507
0.3392
-0.1814
0.8597
-0.1345
0.6102
0.8732
0.8543
-0.8210
-0.5561
0.9961
0.0540
0.3233
