584.3485
584.3485
584.3485
584.3485
584.3485
584.3485
584.3485
584.3485
582.9505
584.3485
584.3485
584.3485
584.3485
584.3485
584.3485
584.3485
584.3485
584.3485
584.3485
584.3485
584.3485
584.3485
584.3485
584.3485
584.3485
585.7464
585.7464
584.3485
584.3485
584.3485
585.7464
585.7464
585.7464
585.7464
585.7464
585.7464
585.7464
585.7464
585.7464
585.7464
585.7464
585.7464
585.7464
585.7464
585.7464
587.1444
585.7464
585.7464
587.1444
587.1444
585.7464
587.1444
585.7464
587.1444
587.1444
587.1444
587.1444
587.1444
587.1444
587.1444
587.1444
588.5423
587.1444
587.1444
587.1444
587.1444
587.1444
587.1444
585.7464
587.1444
587.1444
587.1444
587.1444
587.1444
587.1444
587.1444
587.1444
587.1444
587.1444
587.1444
587.1444
587.1444
587.1444
587.1444
585.7464
587.1444
585.7464
587.1444
587.1444
585.7464
585.7464
585.7464
587.1444
587.1444
587.1444
587.1444
585.7464
585.7464
585.7464
585.7464
587.1444
587.1444
585.7464
587.1444
587.1444
587.1444
587.1444
585.7464
587.1444
587.1444
587.1444
585.7464
585.7464
587.1444
587.1444
585.7464
587.1444
587.1444
587.1444
587.1444
587.1444
585.7464
585.7464
587.1444
587.1444
585.7464
587.1444
587.1444
587.1444
585.7464
587.1444
587.1444
587.1444
585.7464
587.1444
587.1444
587.1444
587.1444
587.1444
587.1444
585.7464
587.1444
587.1444
585.7464
587.1444
587.1444
585.7464
587.1444
587.1444
585.7464
585.7464
585.7464
585.7464
585.7464
587.1444
585.7464
585.7464
585.7464
585.7464
585.7464
585.7464
585.7464
585.7464
585.7464
585.7464
585.7464
585.7464
585.7464
585.7464
585.7464
585.7464
585.7464
585.7464
584.3485
585.7464
585.7464
585.7464
585.7464
584.3485
584.3485
585.7464
584.3485
585.7464
585.7464
584.3485
584.3485
585.7464
584.3485
584.3485
584.3485
584.3485
584.3485
585.7464
585.7464
584.3485
584.3485
584.3485
585.7464
585.7464
587.1444
584.3485
585.7464
585.7464
585.7464
584.3485
585.7464
585.7464
585.7464
585.7464
585.7464
585.7464
585.7464
585.7464
585.7464
585.7464
585.7464
585.7464
585.7464
585.7464
585.7464
585.7464
585.7464
587.1444
585.7464
585.7464
587.1444
587.1444
587.1444
585.7464
585.7464
585.7464
587.1444
587.1444
585.7464
587.1444
587.1444
587.1444
587.1444
587.1444
585.7464
587.1444
587.1444
587.1444
587.1444
587.1444
587.1444
587.1444
587.1444
588.5423
587.1444
587.1444
587.1444
587.1444
587.1444
587.1444
587.1444
587.1444
588.5423
587.1444
587.1444
587.1444
587.1444
587.1444
587.1444
587.1444
587.1444
587.1444
585.7464
587.1444
587.1444
587.1444
587.1444
587.1444
587.1444
587.1444
587.1444
587.1444
587.1444
587.1444
587.1444
587.1444
587.1444
587.1444
587.1444
587.1444
587.1444
587.1444
587.1444
587.1444
587.1444
587.1444
587.1444
587.1444
587.1444
587.1444
587.1444
585.7464
587.1444
587.1444
587.1444
nan
nan
nan
587.1444
587.1444
587.1444
587.1444
587.1444
585.7464
587.1444
587.1444
585.7464
587.1444
587.1444
587.1444
585.7464
587.1444
587.1444
587.1444
587.1444
587.1444
587.1444
585.7464
587.1444
585.7464
587.1444
587.1444
587.1444
587.1444
585.7464
587.1444
587.1444
587.1444
585.7464
585.7464
587.1444
587.1444
585.7464
587.1444
585.7464
585.7464
585.7464
585.7464
585.7464
585.7464
585.7464
585.7464
585.7464
585.7464
585.7464
585.7464
585.7464
585.7464
585.7464
585.7464
585.7464
585.7464
585.7464
585.7464
585.7464
585.7464
585.7464
585.7464
585.7464
585.7464
585.7464
584.3485
585.7464
585.7464
585.7464
585.7464
585.7464
584.3485
585.7464
585.7464
584.3485
584.3485
584.3485
584.3485
585.7464
585.7464
584.3485
584.3485
584.3485
584.3485
585.7464
585.7464
584.3485
585.7464
584.3485
584.3485
584.3485
585.7464
584.3485
585.7464
584.3485
584.3485
584.3485
584.3485
584.3485
584.3485
584.3485
584.3485
584.3485
584.3485
584.3485
585.7464
584.3485
584.3485
584.3485
584.3485
584.3485
584.3485
584.3485
584.3485
584.3485
584.3485
584.3485
584.3485
584.3485
584.3485
584.3485
584.3485
584.3485
584.3485
584.3485
584.3485
584.3485
584.3485
584.3485
584.3485
584.3485
584.3485
582.9505
584.3485
584.3485
584.3485
584.3485
584.3485
584.3485
584.3485
584.3485
584.3485
584.3485
584.3485
584.3485
585.7464
584.3485
584.3485
584.3485
584.3485
584.3485
584.3485
584.3485
584.3485
584.3485
584.3485
584.3485
585.7464
584.3485
585.7464
585.7464
585.7464
585.7464
585.7464
585.7464
585.7464
585.7464
585.7464
585.7464
584.3485
585.7464
585.7464
585.7464
585.7464
585.7464
585.7464
585.7464
584.3485
585.7464
584.3485
585.7464
585.7464
585.7464
585.7464
587.1444
585.7464
585.7464
585.7464
587.1444
587.1444
587.1444
587.1444
587.1444
587.1444
585.7464
587.1444
587.1444
587.1444
587.1444
587.1444
587.1444
587.1444
587.1444
587.1444
587.1444
588.5423
587.1444
587.1444
587.1444
587.1444
587.1444
587.1444
588.5423
587.1444
587.1444
588.5423
587.1444
588.5423
587.1444
587.1444
587.1444
587.1444
588.5423
587.1444
588.5423
588.5423
588.5423
588.5423
588.5423
587.1444
588.5423
588.5423
588.5423
588.5423
589.9403
588.5423
588.5423
588.5423
588.5423
588.5423
588.5423
588.5423
588.5423
589.9403
588.5423
588.5423
589.9403
588.5423
589.9403
588.5423
589.9403
588.5423
589.9403
588.5423
589.9403
588.5423
589.9403
588.5423
589.9403
588.5423
589.9403
589.9403
589.9403
589.9403
589.9403
589.9403
589.9403
589.9403
589.9403
589.9403
589.9403
589.9403
589.9403
589.9403
589.9403
589.9403
589.9403
589.9403
588.5423
589.9403
589.9403
589.9403
589.9403
589.9403
589.9403
588.5423
589.9403
589.9403
589.9403
589.9403
588.5423
589.9403
589.9403
588.5423
589.9403
589.9403
589.9403
589.9403
589.9403
589.9403
588.5423
589.9403
589.9403
589.9403
589.9403
589.9403
589.9403
589.9403
589.9403
589.9403
591.3383
589.9403
589.9403
589.9403
589.9403
589.9403
591.3383
591.3383
589.9403
589.9403
589.9403
591.3383
589.9403
591.3383
591.3383
589.9403
591.3383
589.9403
589.9403
591.3383
591.3383
591.3383
591.3383
591.3383
592.7362
592.7362
592.7362
592.7362
592.7362
592.7362
592.7362
592.7362
592.7362
592.7362
591.3383
594.1342
592.7362
594.1342
592.7362
592.7362
594.1342
592.7362
594.1342
592.7362
594.1342
594.1342
592.7362
594.1342
592.7362
594.1342
594.1342
594.1342
594.1342
594.1342
592.7362
592.7362
594.1342
594.1342
594.1342
594.1342
594.1342
594.1342
594.1342
594.1342
594.1342
595.5322
594.1342
594.1342
594.1342
595.5322
594.1342
594.1342
594.1342
595.5322
594.1342
594.1342
595.5322
595.5322
594.1342
595.5322
594.1342
595.5322
594.1342
595.5322
595.5322
594.1342
595.5322
595.5322
595.5322
594.1342
594.1342
595.5322
594.1342
595.5322
595.5322
595.5322
594.1342
594.1342
595.5322
595.5322
595.5322
595.5322
595.5322
595.5322
595.5322
595.5322
595.5322
595.5322
595.5322
596.9301
595.5322
595.5322
595.5322
594.1342
595.5322
595.5322
595.5322
595.5322
595.5322
595.5322
595.5322
595.5322
595.5322
595.5322
595.5322
594.1342
595.5322
594.1342
594.1342
594.1342
594.1342
594.1342
594.1342
594.1342
594.1342
594.1342
594.1342
592.7362
594.1342
592.7362
594.1342
594.1342
592.7362
592.7362
592.7362
592.7362
592.7362
592.7362
592.7362
592.7362
592.7362
592.7362
591.3383
592.7362
592.7362
592.7362
592.7362
592.7362
592.7362
592.7362
592.7362
592.7362
592.7362
592.7362
592.7362
591.3383
591.3383
592.7362
592.7362
592.7362
592.7362
592.7362
592.7362
592.7362
592.7362
592.7362
594.1342
591.3383
591.3383
592.7362
592.7362
592.7362
592.7362
592.7362
592.7362
592.7362
592.7362
592.7362
592.7362
592.7362
592.7362
592.7362
592.7362
592.7362
594.1342
592.7362
592.7362
592.7362
594.1342
592.7362
592.7362
592.7362
592.7362
592.7362
592.7362
592.7362
594.1342
594.1342
592.7362
594.1342
594.1342
594.1342
594.1342
594.1342
594.1342
594.1342
594.1342
594.1342
594.1342
594.1342
594.1342
594.1342
594.1342
594.1342
595.5322
594.1342
594.1342
594.1342
595.5322
594.1342
595.5322
595.5322
595.5322
595.5322
595.5322
595.5322
595.5322
595.5322
595.5322
596.9301
595.5322
595.5322
595.5322
595.5322
595.5322
595.5322
595.5322
596.9301
595.5322
596.9301
596.9301
596.9301
596.9301
596.9301
596.9301
596.9301
596.9301
596.9301
596.9301
596.9301
596.9301
596.9301
596.9301
596.9301
596.9301
596.9301
596.9301
596.9301
596.9301
596.9301
596.9301
596.9301
596.9301
595.5322
595.5322
596.9301
596.9301
595.5322
595.5322
595.5322
595.5322
594.1342
595.5322
595.5322
595.5322
594.1342
595.5322
594.1342
594.1342
594.1342
595.5322
594.1342
594.1342
592.7362
594.1342
594.1342
592.7362
592.7362
592.7362
592.7362
592.7362
592.7362
592.7362
592.7362
591.3383
592.7362
592.7362
592.7362
592.7362
592.7362
592.7362
591.3383
591.3383
591.3383
591.3383
591.3383
591.3383
591.3383
591.3383
591.3383
591.3383
589.9403
589.9403
589.9403
589.9403
589.9403
589.9403
589.9403
589.9403
589.9403
588.5423
589.9403
588.5423
588.5423
588.5423
588.5423
588.5423
587.1444
589.9403
588.5423
588.5423
588.5423
587.1444
588.5423
587.1444
587.1444
588.5423
587.1444
588.5423
587.1444
587.1444
587.1444
588.5423
587.1444
588.5423
587.1444
588.5423
587.1444
587.1444
588.5423
587.1444
587.1444
587.1444
587.1444
587.1444
587.1444
587.1444
587.1444
588.5423
587.1444
587.1444
588.5423
587.1444
588.5423
587.1444
588.5423
587.1444
588.5423
587.1444
588.5423
587.1444
588.5423
588.5423
588.5423
588.5423
588.5423
588.5423
588.5423
589.9403
588.5423
588.5423
588.5423
588.5423
588.5423
588.5423
588.5423
588.5423
588.5423
588.5423
588.5423
588.5423
588.5423
588.5423
588.5423
588.5423
588.5423
587.1444
588.5423
587.1444
587.1444
587.1444
587.1444
587.1444
587.1444
587.1444
587.1444
585.7464
585.7464
585.7464
585.7464
585.7464
585.7464
584.3485
584.3485
584.3485
584.3485
584.3485
584.3485
582.9505
582.9505
584.3485
584.3485
582.9505
582.9505
582.9505
581.5525
582.9505
582.9505
581.5525
581.5525
581.5525
581.5525
581.5525
582.9505
581.5525
581.5525
581.5525
581.5525
581.5525
581.5525
581.5525
580.1546
580.1546
580.1546
581.5525
580.1546
580.1546
580.1546
580.1546
580.1546
578.7566
578.7566
578.7566
580.1546
578.7566
578.7566
578.7566
578.7566
578.7566
578.7566
578.7566
578.7566
578.7566
578.7566
578.7566
577.3586
578.7566
578.7566
578.7566
577.3586
578.7566
578.7566
578.7566
577.3586
577.3586
577.3586
578.7566
578.7566
577.3586
578.7566
577.3586
578.7566
578.7566
577.3586
577.3586
577.3586
577.3586
578.7566
577.3586
577.3586
577.3586
578.7566
578.7566
577.3586
577.3586
577.3586
578.7566
578.7566
578.7566
577.3586
577.3586
577.3586
578.7566
577.3586
577.3586
577.3586
577.3586
577.3586
575.9607
577.3586
577.3586
577.3586
577.3586
577.3586
577.3586
577.3586
577.3586
575.9607
575.9607
575.9607
575.9607
575.9607
575.9607
574.5627
575.9607
574.5627
574.5627
574.5627
574.5627
574.5627
574.5627
574.5627
574.5627
573.1648
574.5627
573.1648
573.1648
573.1648
573.1648
573.1648
573.1648
571.7668
571.7668
571.7668
571.7668
571.7668
570.3688
571.7668
570.3688
570.3688
570.3688
570.3688
570.3688
570.3688
568.9709
568.9709
570.3688
568.9709
568.9709
568.9709
568.9709
567.5729
567.5729
568.9709
567.5729
567.5729
567.5729
567.5729
567.5729
567.5729
566.1749
567.5729
566.1749
566.1749
566.1749
566.1749
566.1749
566.1749
566.1749
566.1749
564.777
564.777
564.777
564.777
564.777
563.379
564.777
563.379
564.777
564.777
564.777
564.777
563.379
563.379
563.379
563.379
563.379
563.379
563.379
563.379
563.379
564.777
563.379
563.379
563.379
563.379
563.379
563.379
563.379
563.379
563.379
564.777
564.777
564.777
564.777
563.379
564.777
564.777
566.1749
566.1749
566.1749
566.1749
567.5729
567.5729
567.5729
567.5729
567.5729
567.5729
568.9709
568.9709
568.9709
568.9709
570.3688
570.3688
570.3688
570.3688
571.7668
571.7668
571.7668
573.1648
573.1648
574.5627
574.5627
573.1648
574.5627
574.5627
575.9607
575.9607
577.3586
575.9607
575.9607
577.3586
577.3586
578.7566
578.7566
578.7566
578.7566
580.1546
580.1546
580.1546
580.1546
581.5525
581.5525
581.5525
581.5525
582.9505
582.9505
582.9505
582.9505
584.3485
584.3485
584.3485
584.3485
584.3485
585.7464
584.3485
585.7464
587.1444
585.7464
587.1444
585.7464
587.1444
587.1444
587.1444
587.1444
587.1444
587.1444
587.1444
588.5423
588.5423
588.5423
588.5423
588.5423
588.5423
588.5423
589.9403
589.9403
589.9403
589.9403
589.9403
589.9403
589.9403
589.9403
589.9403
589.9403
591.3383
589.9403
589.9403
589.9403
591.3383
589.9403
589.9403
589.9403
589.9403
589.9403
591.3383
589.9403
589.9403
589.9403
588.5423
589.9403
589.9403
588.5423
589.9403
589.9403
588.5423
588.5423
589.9403
588.5423
588.5423
587.1444
588.5423
587.1444
587.1444
587.1444
587.1444
587.1444
587.1444
587.1444
587.1444
587.1444
587.1444
585.7464
587.1444
585.7464
585.7464
585.7464
584.3485
585.7464
585.7464
584.3485
584.3485
584.3485
584.3485
582.9505
584.3485
582.9505
582.9505
582.9505
584.3485
582.9505
582.9505
582.9505
582.9505
582.9505
582.9505
581.5525
581.5525
582.9505
581.5525
581.5525
581.5525
581.5525
581.5525
581.5525
581.5525
581.5525
581.5525
581.5525
581.5525
581.5525
581.5525
581.5525
581.5525
581.5525
581.5525
581.5525
581.5525
581.5525
581.5525
581.5525
581.5525
581.5525
581.5525
581.5525
582.9505
582.9505
581.5525
582.9505
582.9505
582.9505
582.9505
582.9505
582.9505
584.3485
584.3485
584.3485
584.3485
582.9505
584.3485
584.3485
585.7464
585.7464
584.3485
585.7464
585.7464
585.7464
585.7464
585.7464
585.7464
587.1444
587.1444
585.7464
587.1444
587.1444
587.1444
587.1444
587.1444
587.1444
588.5423
588.5423
588.5423
588.5423
588.5423
589.9403
588.5423
589.9403
589.9403
589.9403
589.9403
589.9403
588.5423
589.9403
589.9403
591.3383
589.9403
589.9403
589.9403
591.3383
591.3383
591.3383
591.3383
591.3383
591.3383
591.3383
592.7362
592.7362
592.7362
592.7362
592.7362
592.7362
592.7362
592.7362
592.7362
592.7362
594.1342
592.7362
594.1342
592.7362
594.1342
594.1342
594.1342
594.1342
594.1342
592.7362
594.1342
592.7362
592.7362
592.7362
594.1342
594.1342
592.7362
592.7362
592.7362
591.3383
592.7362
592.7362
591.3383
591.3383
592.7362
591.3383
591.3383
591.3383
589.9403
589.9403
591.3383
589.9403
589.9403
589.9403
589.9403
591.3383
589.9403
588.5423
589.9403
588.5423
588.5423
588.5423
588.5423
588.5423
588.5423
588.5423
588.5423
588.5423
588.5423
588.5423
588.5423
587.1444
588.5423
588.5423
588.5423
587.1444
588.5423
587.1444
587.1444
587.1444
587.1444
587.1444
588.5423
587.1444
587.1444
587.1444
587.1444
588.5423
588.5423
587.1444
587.1444
587.1444
588.5423
588.5423
588.5423
587.1444
588.5423
587.1444
588.5423
587.1444
588.5423
588.5423
587.1444
588.5423
588.5423
588.5423
588.5423
588.5423
588.5423
588.5423
588.5423
589.9403
588.5423
588.5423
588.5423
588.5423
588.5423
588.5423
588.5423
588.5423
588.5423
589.9403
588.5423
588.5423
588.5423
588.5423
587.1444
588.5423
588.5423
588.5423
588.5423
588.5423
588.5423
588.5423
588.5423
588.5423
588.5423
588.5423
588.5423
588.5423
588.5423
587.1444
588.5423
588.5423
587.1444
587.1444
588.5423
587.1444
587.1444
587.1444
587.1444
587.1444
585.7464
587.1444
585.7464
587.1444
587.1444
585.7464
587.1444
587.1444
587.1444
585.7464
585.7464
585.7464
585.7464
585.7464
585.7464
587.1444
585.7464
585.7464
585.7464
585.7464
585.7464
584.3485
585.7464
585.7464
585.7464
585.7464
585.7464
585.7464
585.7464
585.7464
585.7464
587.1444
585.7464
585.7464
585.7464
585.7464
585.7464
587.1444
587.1444
587.1444
587.1444
587.1444
585.7464
587.1444
585.7464
587.1444
587.1444
587.1444
587.1444
587.1444
588.5423
588.5423
588.5423
588.5423
588.5423
588.5423
588.5423
588.5423
588.5423
589.9403
589.9403
591.3383
589.9403
591.3383
589.9403
589.9403
591.3383
589.9403
591.3383
591.3383
591.3383
591.3383
591.3383
592.7362
592.7362
592.7362
592.7362
592.7362
592.7362
592.7362
592.7362
594.1342
592.7362
592.7362
592.7362
594.1342
594.1342
594.1342
594.1342
594.1342
594.1342
594.1342
594.1342
594.1342
594.1342
594.1342
594.1342
594.1342
594.1342
594.1342
594.1342
594.1342
594.1342
594.1342
592.7362
594.1342
592.7362
594.1342
592.7362
592.7362
592.7362
592.7362
591.3383
592.7362
592.7362
592.7362
591.3383
591.3383
591.3383
591.3383
591.3383
591.3383
591.3383
591.3383
589.9403
589.9403
589.9403
589.9403
589.9403
589.9403
589.9403
588.5423
588.5423
588.5423
588.5423
588.5423
588.5423
587.1444
587.1444
587.1444
587.1444
588.5423
587.1444
587.1444
587.1444
587.1444
587.1444
587.1444
587.1444
587.1444
585.7464
585.7464
585.7464
587.1444
585.7464
587.1444
587.1444
587.1444
585.7464
587.1444
585.7464
587.1444
587.1444
585.7464
587.1444
587.1444
587.1444
587.1444
587.1444
587.1444
585.7464
587.1444
587.1444
587.1444
587.1444
587.1444
587.1444
587.1444
587.1444
587.1444
587.1444
587.1444
587.1444
588.5423
587.1444
587.1444
587.1444
587.1444
587.1444
587.1444
587.1444
587.1444
587.1444
587.1444
587.1444
587.1444
587.1444
587.1444
585.7464
585.7464
585.7464
585.7464
585.7464
584.3485
585.7464
585.7464
584.3485
584.3485
584.3485
582.9505
582.9505
582.9505
582.9505
582.9505
581.5525
581.5525
581.5525
581.5525
580.1546
580.1546
580.1546
580.1546
578.7566
578.7566
578.7566
578.7566
578.7566
577.3586
577.3586
577.3586
575.9607
575.9607
577.3586
575.9607
575.9607
575.9607
574.5627
574.5627
574.5627
574.5627
574.5627
574.5627
574.5627
574.5627
573.1648
574.5627
573.1648
573.1648
573.1648
573.1648
573.1648
573.1648
573.1648
573.1648
573.1648
573.1648
573.1648
573.1648
573.1648
573.1648
573.1648
573.1648
573.1648
573.1648
573.1648
574.5627
574.5627
573.1648
573.1648
574.5627
574.5627
574.5627
573.1648
574.5627
574.5627
574.5627
575.9607
575.9607
575.9607
575.9607
575.9607
577.3586
575.9607
577.3586
577.3586
577.3586
577.3586
577.3586
577.3586
577.3586
578.7566
578.7566
577.3586
578.7566
578.7566
578.7566
578.7566
578.7566
578.7566
578.7566
578.7566
580.1546
580.1546
580.1546
580.1546
580.1546
580.1546
578.7566
580.1546
580.1546
578.7566
580.1546
580.1546
580.1546
580.1546
580.1546
580.1546
580.1546
581.5525
580.1546
580.1546
581.5525
581.5525
580.1546
581.5525
581.5525
581.5525
580.1546
580.1546
581.5525
580.1546
580.1546
581.5525
581.5525
581.5525
580.1546
580.1546
581.5525
581.5525
581.5525
580.1546
580.1546
581.5525
580.1546
581.5525
580.1546
578.7566
580.1546
578.7566
578.7566
580.1546
578.7566
578.7566
578.7566
578.7566
578.7566
578.7566
578.7566
578.7566
578.7566
578.7566
578.7566
578.7566
577.3586
577.3586
577.3586
577.3586
577.3586
577.3586
577.3586
577.3586
577.3586
577.3586
577.3586
577.3586
577.3586
577.3586
577.3586
577.3586
577.3586
575.9607
577.3586
577.3586
577.3586
575.9607
577.3586
577.3586
577.3586
578.7566
577.3586
577.3586
577.3586
577.3586
577.3586
577.3586
575.9607
575.9607
577.3586
577.3586
577.3586
577.3586
577.3586
577.3586
577.3586
575.9607
575.9607
575.9607
575.9607
575.9607
575.9607
574.5627
574.5627
574.5627
574.5627
573.1648
573.1648
574.5627
574.5627
574.5627
573.1648
573.1648
571.7668
573.1648
571.7668
571.7668
571.7668
571.7668
571.7668
571.7668
570.3688
571.7668
570.3688
570.3688
570.3688
570.3688
570.3688
568.9709
570.3688
568.9709
570.3688
571.7668
570.3688
570.3688
570.3688
570.3688
571.7668
570.3688
570.3688
571.7668
571.7668
571.7668
571.7668
571.7668
571.7668
571.7668
573.1648
573.1648
574.5627
574.5627
573.1648
575.9607
575.9607
574.5627
575.9607
575.9607
575.9607
577.3586
577.3586
577.3586
578.7566
578.7566
578.7566
580.1546
580.1546
581.5525
581.5525
582.9505
582.9505
582.9505
584.3485
584.3485
584.3485
584.3485
584.3485
585.7464
585.7464
587.1444
587.1444
587.1444
587.1444
588.5423
589.9403
589.9403
589.9403
589.9403
591.3383
591.3383
591.3383
592.7362
591.3383
592.7362
592.7362
592.7362
592.7362
594.1342
594.1342
594.1342
594.1342
594.1342
595.5322
595.5322
595.5322
595.5322
595.5322
595.5322
595.5322
595.5322
595.5322
596.9301
595.5322
596.9301
595.5322
595.5322
596.9301
596.9301
595.5322
596.9301
596.9301
596.9301
596.9301
596.9301
596.9301
596.9301
596.9301
596.9301
596.9301
596.9301
596.9301
596.9301
596.9301
598.3281
598.3281
598.3281
596.9301
598.3281
598.3281
596.9301
598.3281
598.3281
598.3281
598.3281
598.3281
599.726
598.3281
601.124
598.3281
599.726
599.726
599.726
601.124
601.124
601.124
601.124
601.124
601.124
601.124
602.522
601.124
602.522
602.522
602.522
602.522
602.522
602.522
602.522
602.522
602.522
603.9199
602.522
602.522
603.9199
603.9199
602.522
602.522
603.9199
603.9199
602.522
602.522
602.522
603.9199
602.522
602.522
602.522
601.124
601.124
601.124
601.124
601.124
601.124
601.124
601.124
601.124
599.726
599.726
599.726
599.726
598.3281
598.3281
598.3281
598.3281
598.3281
596.9301
596.9301
596.9301
598.3281
596.9301
598.3281
596.9301
596.9301
596.9301
596.9301
596.9301
596.9301
596.9301
596.9301
596.9301
598.3281
596.9301
598.3281
596.9301
598.3281
598.3281
599.726
599.726
599.726
599.726
599.726
599.726
599.726
601.124
599.726
601.124
601.124
601.124
601.124
602.522
601.124
602.522
601.124
601.124
602.522
602.522
602.522
602.522
602.522
602.522
602.522
602.522
601.124
601.124
601.124
602.522
602.522
601.124
601.124
601.124
601.124
601.124
601.124
601.124
601.124
601.124
601.124
599.726
599.726
598.3281
598.3281
598.3281
598.3281
598.3281
596.9301
596.9301
596.9301
596.9301
595.5322
595.5322
595.5322
595.5322
594.1342
594.1342
592.7362
592.7362
592.7362
592.7362
591.3383
591.3383
591.3383
591.3383
589.9403
589.9403
589.9403
588.5423
588.5423
587.1444
588.5423
588.5423
587.1444
587.1444
587.1444
587.1444
587.1444
585.7464
585.7464
585.7464
585.7464
585.7464
585.7464
585.7464
585.7464
584.3485
584.3485
584.3485
584.3485
584.3485
585.7464
585.7464
584.3485
585.7464
584.3485
584.3485
585.7464
585.7464
585.7464
585.7464
585.7464
585.7464
585.7464
587.1444
587.1444
585.7464
587.1444
587.1444
587.1444
587.1444
587.1444
587.1444
587.1444
587.1444
587.1444
587.1444
587.1444
588.5423
588.5423
587.1444
588.5423
588.5423
588.5423
588.5423
588.5423
588.5423
588.5423
588.5423
588.5423
588.5423
588.5423
588.5423
589.9403
588.5423
588.5423
588.5423
588.5423
588.5423
588.5423
587.1444
588.5423
587.1444
588.5423
588.5423
587.1444
587.1444
587.1444
587.1444
587.1444
587.1444
585.7464
587.1444
585.7464
587.1444
585.7464
585.7464
585.7464
585.7464
585.7464
584.3485
585.7464
584.3485
584.3485
584.3485
584.3485
584.3485
584.3485
584.3485
584.3485
582.9505
582.9505
582.9505
582.9505
582.9505
582.9505
582.9505
582.9505
582.9505
582.9505
582.9505
581.5525
581.5525
582.9505
581.5525
582.9505
581.5525
582.9505
582.9505
582.9505
581.5525
581.5525
581.5525
581.5525
581.5525
581.5525
582.9505
581.5525
582.9505
581.5525
582.9505
581.5525
581.5525
582.9505
582.9505
582.9505
582.9505
582.9505
582.9505
582.9505
582.9505
582.9505
582.9505
584.3485
582.9505
582.9505
582.9505
582.9505
584.3485
582.9505
582.9505
584.3485
584.3485
582.9505
582.9505
584.3485
584.3485
582.9505
584.3485
584.3485
584.3485
582.9505
584.3485
582.9505
584.3485
584.3485
584.3485
584.3485
584.3485
584.3485
584.3485
582.9505
584.3485
584.3485
584.3485
582.9505
584.3485
584.3485
584.3485
584.3485
582.9505
584.3485
582.9505
584.3485
584.3485
584.3485
582.9505
582.9505
582.9505
584.3485
584.3485
582.9505
582.9505
582.9505
584.3485
582.9505
584.3485
582.9505
582.9505
582.9505
582.9505
582.9505
582.9505
582.9505
582.9505
582.9505
582.9505
582.9505
581.5525
582.9505
582.9505
581.5525
582.9505
582.9505
582.9505
582.9505
582.9505
582.9505
582.9505
582.9505
582.9505
582.9505
582.9505
582.9505
582.9505
581.5525
582.9505
582.9505
581.5525
582.9505
582.9505
582.9505
582.9505
582.9505
582.9505
582.9505
582.9505
581.5525
582.9505
582.9505
581.5525
581.5525
582.9505
582.9505
582.9505
582.9505
582.9505
582.9505
582.9505
582.9505
582.9505
582.9505
582.9505
582.9505
582.9505
584.3485
584.3485
582.9505
582.9505
582.9505
582.9505
582.9505
584.3485
584.3485
582.9505
584.3485
582.9505
582.9505
582.9505
582.9505
582.9505
582.9505
584.3485
584.3485
584.3485
584.3485
584.3485
584.3485
582.9505
584.3485
582.9505
584.3485
584.3485
584.3485
584.3485
584.3485
584.3485
584.3485
584.3485
584.3485
584.3485
584.3485
584.3485
584.3485
584.3485
584.3485
584.3485
584.3485
584.3485
584.3485
584.3485
584.3485
584.3485
584.3485
584.3485
584.3485
584.3485
584.3485
584.3485
584.3485
584.3485
584.3485
584.3485
584.3485
584.3485
584.3485
584.3485
584.3485
584.3485
584.3485
584.3485
584.3485
584.3485
584.3485
584.3485
584.3485
584.3485
584.3485
584.3485
584.3485
585.7464
584.3485
584.3485
584.3485
584.3485
584.3485
584.3485
584.3485
584.3485
584.3485
584.3485
584.3485
584.3485
584.3485
584.3485
585.7464
584.3485
584.3485
584.3485
584.3485
584.3485
584.3485
585.7464
584.3485
585.7464
585.7464
584.3485
584.3485
584.3485
584.3485
585.7464
585.7464
585.7464
584.3485
584.3485
584.3485
584.3485
584.3485
584.3485
584.3485
584.3485
585.7464
584.3485
584.3485
584.3485
584.3485
584.3485
584.3485
584.3485
584.3485
584.3485
584.3485
584.3485
584.3485
584.3485
584.3485
584.3485
584.3485
584.3485
582.9505
584.3485
585.7464
584.3485
584.3485
584.3485
584.3485
584.3485
584.3485
584.3485
584.3485
584.3485
584.3485
585.7464
584.3485
584.3485
585.7464
584.3485
584.3485
584.3485
584.3485
584.3485
584.3485
584.3485
584.3485
585.7464
584.3485
584.3485
584.3485
584.3485
584.3485
584.3485
584.3485
582.9505
584.3485
584.3485
584.3485
584.3485
584.3485
584.3485
584.3485
584.3485
584.3485
584.3485
584.3485
584.3485
584.3485
584.3485
584.3485
584.3485
584.3485
584.3485
584.3485
584.3485
584.3485
585.7464
584.3485
584.3485
584.3485
585.7464
585.7464
585.7464
585.7464
585.7464
585.7464
585.7464
585.7464
585.7464
585.7464
585.7464
587.1444
585.7464
587.1444
587.1444
585.7464
585.7464
587.1444
585.7464
587.1444
587.1444
587.1444
587.1444
587.1444
587.1444
587.1444
587.1444
587.1444
587.1444
587.1444
588.5423
588.5423
587.1444
588.5423
588.5423
588.5423
588.5423
588.5423
588.5423
588.5423
588.5423
588.5423
588.5423
588.5423
588.5423
588.5423
588.5423
589.9403
589.9403
588.5423
589.9403
589.9403
588.5423
588.5423
589.9403
588.5423
589.9403
589.9403
589.9403
589.9403
588.5423
589.9403
589.9403
589.9403
589.9403
589.9403
589.9403
589.9403
589.9403
589.9403
588.5423
589.9403
588.5423
589.9403
588.5423
589.9403
588.5423
588.5423
588.5423
588.5423
588.5423
588.5423
588.5423
588.5423
588.5423
588.5423
588.5423
587.1444
587.1444
587.1444
587.1444
587.1444
587.1444
587.1444
587.1444
587.1444
587.1444
585.7464
587.1444
585.7464
585.7464
585.7464
585.7464
585.7464
585.7464
585.7464
585.7464
585.7464
584.3485
585.7464
585.7464
584.3485
585.7464
585.7464
584.3485
584.3485
584.3485
584.3485
584.3485
584.3485
584.3485
584.3485
584.3485
584.3485
584.3485
584.3485
584.3485
584.3485
582.9505
582.9505
584.3485
582.9505
584.3485
582.9505
582.9505
582.9505
582.9505
582.9505
582.9505
582.9505
582.9505
582.9505
582.9505
582.9505
582.9505
582.9505
582.9505
582.9505
582.9505
582.9505
582.9505
582.9505
582.9505
582.9505
582.9505
582.9505
582.9505
584.3485
582.9505
584.3485
582.9505
582.9505
582.9505
584.3485
584.3485
584.3485
584.3485
584.3485
584.3485
584.3485
584.3485
584.3485
584.3485
584.3485
585.7464
584.3485
585.7464
585.7464
585.7464
585.7464
585.7464
587.1444
587.1444
585.7464
585.7464
587.1444
587.1444
585.7464
587.1444
587.1444
587.1444
587.1444
587.1444
588.5423
587.1444
587.1444
587.1444
587.1444
587.1444
587.1444
587.1444
587.1444
588.5423
587.1444
587.1444
587.1444
588.5423
587.1444
587.1444
588.5423
588.5423
588.5423
587.1444
587.1444
587.1444
588.5423
588.5423
588.5423
588.5423
587.1444
588.5423
587.1444
587.1444
587.1444
587.1444
587.1444
588.5423
587.1444
588.5423
587.1444
588.5423
588.5423
587.1444
587.1444
587.1444
587.1444
587.1444
588.5423
587.1444
587.1444
587.1444
587.1444
587.1444
587.1444
587.1444
587.1444
587.1444
587.1444
587.1444
587.1444
587.1444
585.7464
585.7464
587.1444
587.1444
585.7464
585.7464
585.7464
585.7464
587.1444
585.7464
585.7464
587.1444
587.1444
587.1444
587.1444
585.7464
585.7464
587.1444
585.7464
585.7464
587.1444
585.7464
587.1444
585.7464
585.7464
585.7464
587.1444
585.7464
585.7464
587.1444
585.7464
585.7464
587.1444
587.1444
585.7464
585.7464
585.7464
585.7464
587.1444
585.7464
585.7464
585.7464
585.7464
585.7464
585.7464
587.1444
585.7464
585.7464
585.7464
585.7464
585.7464
587.1444
585.7464
585.7464
587.1444
585.7464
587.1444
587.1444
585.7464
587.1444
587.1444
585.7464
585.7464
587.1444
587.1444
587.1444
587.1444
585.7464
587.1444
587.1444
585.7464
587.1444
587.1444
585.7464
587.1444
587.1444
587.1444
587.1444
587.1444
587.1444
587.1444
587.1444
587.1444
587.1444
587.1444
587.1444
587.1444
587.1444
588.5423
587.1444
587.1444
587.1444
587.1444
587.1444
587.1444
588.5423
587.1444
587.1444
587.1444
587.1444
588.5423
587.1444
587.1444
588.5423
587.1444
588.5423
587.1444
587.1444
587.1444
587.1444
587.1444
587.1444
587.1444
585.7464
587.1444
587.1444
587.1444
587.1444
587.1444
587.1444
587.1444
587.1444
587.1444
587.1444
587.1444
587.1444
585.7464
587.1444
587.1444
587.1444
587.1444
585.7464
585.7464
585.7464
587.1444
585.7464
587.1444
585.7464
587.1444
585.7464
587.1444
585.7464
585.7464
585.7464
587.1444
585.7464
587.1444
585.7464
587.1444
587.1444
585.7464
585.7464
587.1444
587.1444
585.7464
585.7464
587.1444
585.7464
585.7464
587.1444
587.1444
585.7464
585.7464
585.7464
585.7464
585.7464
585.7464
585.7464
585.7464
585.7464
585.7464
585.7464
585.7464
587.1444
585.7464
585.7464
585.7464
585.7464
585.7464
587.1444
585.7464
585.7464
585.7464
585.7464
585.7464
585.7464
587.1444
585.7464
585.7464
585.7464
585.7464
585.7464
587.1444
585.7464
587.1444
587.1444
587.1444
585.7464
587.1444
587.1444
587.1444
587.1444
587.1444
587.1444
587.1444
587.1444
587.1444
588.5423
587.1444
587.1444
587.1444
588.5423
587.1444
587.1444
587.1444
588.5423
587.1444
588.5423
587.1444
588.5423
587.1444
587.1444
587.1444
587.1444
588.5423
588.5423
588.5423
587.1444
587.1444
587.1444
587.1444
587.1444
587.1444
587.1444
585.7464
587.1444
588.5423
588.5423
587.1444
587.1444
587.1444
587.1444
587.1444
587.1444
587.1444
587.1444
587.1444
587.1444
587.1444
587.1444
587.1444
587.1444
587.1444
587.1444
587.1444
587.1444
585.7464
587.1444
587.1444
587.1444
587.1444
585.7464
587.1444
587.1444
587.1444
587.1444
587.1444
585.7464
587.1444
587.1444
585.7464
587.1444
585.7464
585.7464
585.7464
585.7464
585.7464
585.7464
585.7464
585.7464
585.7464
585.7464
585.7464
585.7464
585.7464
585.7464
585.7464
585.7464
585.7464
585.7464
585.7464
585.7464
585.7464
585.7464
585.7464
585.7464
585.7464
585.7464
585.7464
585.7464
585.7464
585.7464
585.7464
585.7464
585.7464
585.7464
585.7464
585.7464
585.7464
585.7464
585.7464
585.7464
585.7464
585.7464
585.7464
585.7464
585.7464
585.7464
585.7464
585.7464
585.7464
585.7464
585.7464
585.7464
585.7464
585.7464
585.7464
585.7464
585.7464
585.7464
585.7464
585.7464
584.3485
585.7464
584.3485
585.7464
584.3485
585.7464
584.3485
584.3485
584.3485
584.3485
585.7464
585.7464
584.3485
584.3485
584.3485
584.3485
585.7464
584.3485
584.3485
585.7464
585.7464
585.7464
584.3485
584.3485
585.7464
584.3485
584.3485
584.3485
584.3485
584.3485
584.3485
584.3485
584.3485
584.3485
584.3485
584.3485
585.7464
585.7464
584.3485
584.3485
584.3485
584.3485
584.3485
584.3485
585.7464
584.3485
584.3485
584.3485
584.3485
584.3485
585.7464
584.3485
585.7464
585.7464
584.3485
585.7464
584.3485
584.3485
585.7464
585.7464
585.7464
585.7464
585.7464
585.7464
585.7464
585.7464
585.7464
585.7464
585.7464
587.1444
587.1444
585.7464
587.1444
587.1444
587.1444
585.7464
587.1444
587.1444
587.1444
587.1444
587.1444
587.1444
587.1444
587.1444
587.1444
587.1444
587.1444
588.5423
587.1444
587.1444
588.5423
588.5423
588.5423
588.5423
588.5423
588.5423
588.5423
588.5423
588.5423
588.5423
588.5423
588.5423
588.5423
588.5423
588.5423
588.5423
588.5423
588.5423
588.5423
588.5423
588.5423
588.5423
588.5423
588.5423
588.5423
587.1444
588.5423
588.5423
588.5423
588.5423
588.5423
588.5423
588.5423
588.5423
588.5423
588.5423
588.5423
588.5423
588.5423
588.5423
588.5423
588.5423
588.5423
587.1444
588.5423
588.5423
588.5423
588.5423
588.5423
587.1444
587.1444
588.5423
587.1444
587.1444
588.5423
588.5423
588.5423
587.1444
587.1444
588.5423
587.1444
587.1444
587.1444
585.7464
587.1444
587.1444
585.7464
587.1444
587.1444
587.1444
587.1444
585.7464
585.7464
585.7464
585.7464
585.7464
587.1444
585.7464
585.7464
587.1444
585.7464
585.7464
585.7464
585.7464
585.7464
585.7464
585.7464
585.7464
584.3485
585.7464
584.3485
584.3485
584.3485
585.7464
585.7464
584.3485
584.3485
584.3485
584.3485
584.3485
584.3485
584.3485
584.3485
584.3485
584.3485
584.3485
584.3485
584.3485
584.3485
582.9505
584.3485
584.3485
582.9505
584.3485
582.9505
584.3485
582.9505
584.3485
582.9505
584.3485
582.9505
582.9505
584.3485
584.3485
582.9505
582.9505
584.3485
582.9505
582.9505
582.9505
582.9505
582.9505
582.9505
582.9505
582.9505
582.9505
582.9505
582.9505
582.9505
582.9505
582.9505
584.3485
584.3485
582.9505
582.9505
582.9505
582.9505
582.9505
582.9505
584.3485
582.9505
584.3485
584.3485
584.3485
584.3485
582.9505
582.9505
584.3485
584.3485
584.3485
584.3485
584.3485
584.3485
585.7464
584.3485
584.3485
584.3485
584.3485
584.3485
585.7464
584.3485
585.7464
585.7464
584.3485
585.7464
584.3485
585.7464
585.7464
585.7464
585.7464
585.7464
585.7464
585.7464
585.7464
585.7464
585.7464
585.7464
585.7464
587.1444
587.1444
585.7464
585.7464
585.7464
587.1444
585.7464
585.7464
585.7464
587.1444
587.1444
587.1444
587.1444
587.1444
585.7464
585.7464
585.7464
587.1444
587.1444
587.1444
587.1444
585.7464
587.1444
587.1444
585.7464
585.7464
587.1444
587.1444
587.1444
587.1444
587.1444
585.7464
587.1444
587.1444
587.1444
587.1444
587.1444
587.1444
587.1444
587.1444
587.1444
587.1444
587.1444
587.1444
585.7464
587.1444
587.1444
585.7464
585.7464
587.1444
587.1444
587.1444
587.1444
587.1444
587.1444
587.1444
587.1444
587.1444
587.1444
587.1444
587.1444
587.1444
587.1444
587.1444
585.7464
587.1444
587.1444
587.1444
587.1444
585.7464
587.1444
587.1444
585.7464
585.7464
587.1444
587.1444
587.1444
587.1444
587.1444
585.7464
587.1444
587.1444
585.7464
585.7464
585.7464
585.7464
585.7464
587.1444
585.7464
585.7464
585.7464
585.7464
585.7464
585.7464
587.1444
585.7464
585.7464
587.1444
585.7464
587.1444
587.1444
587.1444
585.7464
585.7464
587.1444
587.1444
587.1444
585.7464
587.1444
585.7464
585.7464
587.1444
585.7464
587.1444
585.7464
587.1444
587.1444
587.1444
587.1444
587.1444
587.1444
585.7464
587.1444
587.1444
585.7464
587.1444
587.1444
587.1444
587.1444
587.1444
587.1444
587.1444
585.7464
587.1444
587.1444
587.1444
587.1444
587.1444
587.1444
587.1444
585.7464
587.1444
585.7464
585.7464
585.7464
585.7464
587.1444
587.1444
587.1444
587.1444
585.7464
587.1444
587.1444
585.7464
587.1444
587.1444
587.1444
587.1444
587.1444
585.7464
587.1444
585.7464
585.7464
587.1444
587.1444
585.7464
587.1444
587.1444
585.7464
585.7464
587.1444
587.1444
585.7464
587.1444
587.1444
587.1444
587.1444
585.7464
585.7464
587.1444
585.7464
587.1444
587.1444
587.1444
587.1444
587.1444
587.1444
587.1444
587.1444
587.1444
587.1444
588.5423
587.1444
587.1444
587.1444
587.1444
587.1444
587.1444
587.1444
587.1444
587.1444
587.1444
587.1444
587.1444
588.5423
587.1444
587.1444
588.5423
587.1444
587.1444
588.5423
587.1444
587.1444
587.1444
587.1444
587.1444
588.5423
588.5423
587.1444
588.5423
588.5423
588.5423
588.5423
588.5423
587.1444
588.5423
587.1444
588.5423
588.5423
588.5423
588.5423
588.5423
588.5423
587.1444
587.1444
588.5423
588.5423
588.5423
588.5423
588.5423
588.5423
588.5423
587.1444
588.5423
587.1444
587.1444
587.1444
588.5423
587.1444
588.5423
587.1444
588.5423
587.1444
587.1444
588.5423
587.1444
587.1444
587.1444
587.1444
587.1444
587.1444
587.1444
587.1444
587.1444
587.1444
587.1444
587.1444
587.1444
587.1444
587.1444
587.1444
585.7464
587.1444
587.1444
587.1444
585.7464
585.7464
587.1444
587.1444
585.7464
587.1444
585.7464
585.7464
585.7464
585.7464
585.7464
585.7464
585.7464
585.7464
585.7464
585.7464
585.7464
585.7464
585.7464
585.7464
585.7464
584.3485
585.7464
585.7464
585.7464
585.7464
585.7464
585.7464
584.3485
585.7464
585.7464
585.7464
584.3485
585.7464
585.7464
585.7464
585.7464
585.7464
585.7464
584.3485
585.7464
585.7464
585.7464
585.7464
585.7464
585.7464
585.7464
585.7464
587.1444
585.7464
585.7464
585.7464
584.3485
584.3485
585.7464
585.7464
585.7464
585.7464
585.7464
585.7464
587.1444
585.7464
585.7464
585.7464
585.7464
585.7464
585.7464
587.1444
585.7464
585.7464
585.7464
585.7464
585.7464
585.7464
585.7464
585.7464
585.7464
585.7464
587.1444
585.7464
585.7464
585.7464
585.7464
585.7464
585.7464
585.7464
587.1444
587.1444
585.7464
587.1444
585.7464
587.1444
585.7464
585.7464
585.7464
585.7464
585.7464
585.7464
585.7464
585.7464
585.7464
585.7464
585.7464
584.3485
585.7464
585.7464
585.7464
585.7464
585.7464
584.3485
585.7464
584.3485
584.3485
584.3485
584.3485
584.3485
584.3485
584.3485
584.3485
585.7464
584.3485
584.3485
584.3485
584.3485
584.3485
584.3485
584.3485
584.3485
582.9505
584.3485
584.3485
584.3485
582.9505
584.3485
584.3485
584.3485
584.3485
584.3485
584.3485
584.3485
584.3485
584.3485
584.3485
582.9505
584.3485
584.3485
582.9505
584.3485
584.3485
584.3485
584.3485
584.3485
584.3485
582.9505
582.9505
584.3485
582.9505
582.9505
582.9505
582.9505
582.9505
582.9505
582.9505
582.9505
582.9505
581.5525
582.9505
581.5525
581.5525
581.5525
581.5525
581.5525
580.1546
581.5525
581.5525
580.1546
580.1546
580.1546
580.1546
578.7566
578.7566
578.7566
578.7566
578.7566
578.7566
578.7566
578.7566
577.3586
577.3586
577.3586
575.9607
577.3586
575.9607
575.9607
575.9607
575.9607
574.5627
574.5627
574.5627
574.5627
573.1648
573.1648
571.7668
571.7668
571.7668
570.3688
570.3688
568.9709
568.9709
568.9709
567.5729
566.1749
567.5729
566.1749
566.1749
563.379
563.379
563.379
561.9811
561.9811
560.5831
559.1851
557.7872
557.7872
556.3892
556.3892
553.5933
553.5933
553.5933
550.7973
550.7973
549.3994
549.3994
546.6035
546.6035
545.2055
543.8075
542.4096
541.0116
539.6136
538.2157
538.2157
535.4198
535.4198
534.0218
532.6238
529.8279
529.8279
527.032
525.634
524.2361
524.2361
521.4401
520.0422
518.6442
518.6442
515.8483
515.8483
514.4503
511.6544
510.2564
508.8585
507.4605
506.0625
504.6646
501.8687
501.8687
499.0727
497.6748
496.2768
494.8788
492.0829
490.6849
489.287
487.889
486.4911
485.0931
483.6951
482.2972
480.8992
478.1033
476.7053
476.7053
473.9094
471.1135
471.1135
468.3175
466.9196
465.5216
465.5216
461.3277
459.9298
459.9298
457.1338
454.3379
452.94
452.94
450.144
448.7461
447.3481
444.5522
443.1542
440.3583
438.9603
436.1644
434.7664
431.9705
430.5725
427.7766
426.3787
424.9807
422.1848
419.3888
417.9909
415.195
413.797
411.0011
409.6031
406.8072
404.0113
401.2153
398.4194
395.6235
392.8276
391.4296
388.6337
385.8377
381.6438
380.2459
377.45
373.2561
371.8581
369.0622
366.2663
362.0724
359.2764
356.4805
353.6846
350.8887
348.0927
345.2968
342.5009
339.705
336.909
335.5111
331.3172
328.5213
325.7253
322.9294
320.1335
317.3376
314.5416
313.1437
308.9498
306.1539
304.7559
300.562
299.164
296.3681
293.5722
290.7763
289.3783
287.9803
285.1844
282.3885
280.9905
278.1946
276.7966
275.3987
274.0007
271.2048
269.8068
268.4089
267.0109
265.6129
264.215
264.215
262.817
261.419
261.419
261.419
260.0211
258.6231
258.6231
257.2252
257.2252
255.8272
255.8272
255.8272
254.4292
254.4292
254.4292
254.4292
254.4292
253.0313
254.4292
253.0313
254.4292
253.0313
254.4292
254.4292
254.4292
254.4292
255.8272
257.2252
257.2252
258.6231
258.6231
258.6231
260.0211
262.817
262.817
264.215
265.6129
267.0109
268.4089
269.8068
271.2048
272.6027
274.0007
276.7966
276.7966
278.1946
279.5926
282.3885
282.3885
285.1844
285.1844
287.9803
289.3783
290.7763
293.5722
293.5722
296.3681
296.3681
299.164
301.96
303.3579
304.7559
307.5518
307.5518
308.9498
311.7457
313.1437
314.5416
315.9396
317.3376
318.7355
320.1335
321.5314
322.9294
324.3274
325.7253
325.7253
327.1233
328.5213
329.9192
331.3172
332.7152
332.7152
335.5111
336.909
338.307
339.705
341.1029
343.8989
343.8989
346.6948
348.0927
349.4907
350.8887
352.2866
353.6846
356.4805
356.4805
357.8785
359.2764
360.6744
362.0724
363.4703
363.4703
364.8683
364.8683
366.2663
367.6642
369.0622
369.0622
370.4601
370.4601
371.8581
373.2561
373.2561
374.654
374.654
376.052
377.45
377.45
378.8479
380.2459
381.6438
381.6438
383.0418
383.0418
384.4398
385.8377
387.2357
388.6337
390.0316
390.0316
392.8276
392.8276
394.2255
395.6235
397.0214
398.4194
401.2153
402.6133
404.0113
405.4092
408.2051
409.6031
411.0011
413.797
416.5929
417.9909
420.7868
422.1848
424.9807
426.3787
429.1746
431.9705
433.3685
436.1644
437.5624
440.3583
443.1542
445.9501
448.7461
451.542
452.94
455.7359
458.5318
461.3277
464.1237
466.9196
471.1135
472.5114
475.3074
478.1033
480.8992
485.0931
486.4911
490.6849
492.0829
494.8788
497.6748
500.4707
501.8687
504.6646
507.4605
510.2564
511.6544
513.0524
515.8483
518.6442
520.0422
524.2361
525.634
528.4299
531.2259
534.0218
536.8177
541.0116
542.4096
546.6035
550.7973
553.5933
557.7872
560.5831
564.777
567.5729
570.3688
575.9607
578.7566
581.5525
587.1444
588.5423
592.7362
595.5322
598.3281
601.124
605.3179
606.7159
610.9098
612.3077
616.5016
619.2975
623.4914
624.8894
629.0833
631.8792
634.6751
637.471
641.6649
645.8588
648.6547
651.4507
654.2466
658.4405
661.2364
665.4303
668.2262
671.0222
675.216
678.012
682.2059
685.0018
687.7977
690.5936
694.7875
698.9814
701.7773
705.9712
710.1651
712.961
717.1549
719.9509
722.7468
726.9407
731.1346
733.9305
738.1244
742.3183
746.5121
749.3081
753.502
757.6958
760.4918
763.2877
767.4816
770.2775
773.0734
777.2673
778.6653
782.8592
785.6551
787.0531
791.247
794.0429
796.8388
799.6347
801.0327
803.8286
806.6245
809.4205
812.2164
813.6144
816.4103
817.8082
820.6042
823.4001
824.7981
827.594
828.992
831.7879
833.1858
834.5838
835.9818
837.3797
838.7777
840.1757
841.5736
842.9716
844.3695
845.7675
847.1655
847.1655
847.1655
848.5634
849.9614
849.9614
849.9614
852.7573
854.1553
854.1553
855.5532
856.9512
858.3492
859.7471
862.5431
863.941
865.339
868.1349
870.9308
872.3288
873.7268
876.5227
877.9206
880.7166
883.5125
884.9105
887.7064
889.1044
891.9003
894.6962
896.0942
898.8901
900.2881
904.4819
905.8799
910.0738
911.4718
914.2677
917.0636
919.8595
922.6555
926.8493
929.6453
932.4412
936.6351
940.829
943.6249
946.4208
950.6147
954.8086
957.6045
963.1964
965.9923
968.7882
972.9821
974.3801
978.574
981.3699
982.7679
985.5638
988.3597
989.7577
991.1556
993.9516
995.3495
998.1455
999.5434
1000.9414
1002.3393
1003.7373
1006.5332
1007.9312
1009.3292
1012.1251
1013.523
1016.319
1017.7169
1019.1149
1021.9108
1023.3088
1026.1047
1027.5027
1030.2986
1033.0945
1034.4925
1037.2884
1040.0843
1040.0843
1041.4823
1045.6762
1047.0741
1048.4721
1049.8701
1051.268
1054.064
1055.4619
1056.8599
1059.6558
1059.6558
1062.4517
1063.8497
1065.2477
1066.6456
1068.0436
1070.8395
1072.2375
1075.0334
1076.4314
1077.8293
1080.6253
1082.0232
1084.8191
1084.8191
1087.6151
1089.013
1090.411
1091.809
1093.2069
1094.6049
1097.4008
1098.7988
1100.1967
1101.5947
1102.9927
1104.3906
1105.7886
1107.1866
1108.5845
1109.9825
1112.7784
1112.7784
1115.5743
1116.9723
1118.3703
1119.7682
1121.1662
1122.5641
1123.9621
1126.758
1128.156
1130.9519
1130.9519
1132.3499
1133.7478
1135.1458
1136.5438
1137.9417
1139.3397
1140.7377
1142.1356
1143.5336
1144.9315
1146.3295
1147.7275
1149.1254
1150.5234
1150.5234
1153.3193
1154.7173
1154.7173
1157.5132
1158.9112
1161.7071
1164.503
1165.901
1168.6969
1171.4928
1172.8908
1175.6867
1178.4827
1181.2786
1184.0745
1186.8704
1189.6664
1192.4623
1195.2582
1199.4521
1202.248
1205.0439
1209.2378
1212.0338
1214.8297
1219.0236
1223.2175
1226.0134
1230.2073
1234.4012
1238.5951
1242.7889
1248.3808
1252.5747
1256.7686
1260.9625
1265.1563
1270.7482
1274.9421
1280.5339
1284.7278
1290.3197
1295.9115
1300.1054
1305.6973
1311.2891
1316.881
1321.0749
1326.6667
1332.2586
1337.8504
1343.4423
1347.6362
1353.228
1358.8199
1364.4117
1370.0036
1374.1974
1379.7893
1383.9832
1389.575
1393.7689
1399.3608
1403.5547
1409.1465
1413.3404
1417.5343
1421.7282
1425.9221
1430.116
1435.7078
1439.9017
1442.6976
1448.2895
1451.0854
1455.2793
1459.4732
1463.6671
1467.861
1470.6569
1474.8508
1479.0447
1481.8406
1486.0345
1490.2284
1493.0243
1497.2182
1500.0141
1502.81
1505.606
1508.4019
1512.5958
1515.3917
1516.7897
1520.9835
1522.3815
1526.5754
1527.9734
1530.7693
1533.5652
1537.7591
1539.1571
1541.953
1544.7489
1546.1469
1548.9428
1551.7387
1553.1367
1555.9326
1558.7285
1560.1265
1562.9224
1564.3204
1567.1163
1568.5143
1569.9122
1572.7082
1574.1061
1575.5041
1576.9021
1578.3
1578.3
1581.0959
1581.0959
1582.4939
1583.8919
1583.8919
1585.2898
1585.2898
1586.6878
1588.0858
1588.0858
1588.0858
1588.0858
1588.0858
1589.4837
1588.0858
1588.0858
1589.4837
1589.4837
1589.4837
1589.4837
1590.8817
1590.8817
1592.2796
1592.2796
1592.2796
1593.6776
1593.6776
1593.6776
1593.6776
1595.0756
1595.0756
1593.6776
1595.0756
1595.0756
1595.0756
1595.0756
1595.0756
1595.0756
1593.6776
1593.6776
1593.6776
1593.6776
1592.2796
1592.2796
1590.8817
1589.4837
1588.0858
1588.0858
1588.0858
1586.6878
1585.2898
1583.8919
1581.0959
1581.0959
1578.3
1576.9021
1574.1061
1572.7082
1569.9122
1567.1163
1564.3204
1561.5245
1558.7285
1554.5347
1551.7387
1548.9428
1544.7489
1541.953
1536.3611
1533.5652
1527.9734
1523.7795
1519.5856
1513.9937
1508.4019
1502.81
1498.6161
1491.6263
1484.6365
1479.0447
1472.0548
1465.065
1458.0752
1451.0854
1442.6976
1434.3099
1425.9221
1416.1363
1406.3506
1397.9628
1388.1771
1376.9934
1367.2076
1354.626
1343.4423
1330.8606
1319.6769
1305.6973
1293.1156
1279.136
1265.1563
1251.1767
1235.7991
1220.4215
1203.646
1186.8704
1170.0949
1151.9214
1133.7478
1114.1764
1094.6049
1073.6354
1054.064
1033.0945
1012.1251
988.3597
964.5943
938.0331
911.4718
884.9105
856.9512
830.3899
802.4307
773.0734
743.7162
712.961
683.6038
654.2466
623.4914
594.1342
563.379
532.6238
501.8687
471.1135
438.9603
408.2051
376.052
346.6948
317.3376
289.3783
264.215
240.4496
218.0822
197.1128
174.7454
157.9698
138.3983
121.6228
102.0513
83.8778
65.7043
51.7246
40.5409
30.7552
23.7654
16.7756
9.7857
6.9898
1.398
1.398
1.398
1.398
1.398
1.398
1.398
1.398
1.398
1.398
2.7959
1.398
0
1.398
1.398
1.398
1.398
1.398
1.398
1.398
1.398
1.398
1.398
1.398
2.7959
2.7959
1.398
1.398
1.398
1.398
1.398
1.398
1.398
1.398
1.398
1.398
1.398
1.398
1.398
0
1.398
1.398
1.398
1.398
1.398
1.398
1.398
1.398
1.398
0
1.398
1.398
1.398
1.398
1.398
1.398
1.398
1.398
1.398
1.398
1.398
1.398
1.398
1.398
1.398
1.398
1.398
0
0
1.398
1.398
1.398
1.398
1.398
1.398
1.398
1.398
1.398
1.398
0
1.398
0
1.398
1.398
1.398
1.398
1.398
1.398
1.398
1.398
1.398
1.398
0
1.398
1.398
0
1.398
1.398
1.398
1.398
0
1.398
1.398
1.398
1.398
0
0
1.398
1.398
0
1.398
1.398
1.398
1.398
1.398
1.398
1.398
0
1.398
1.398
1.398
1.398
0
1.398
1.398
1.398
0
0
0
1.398
1.398
1.398
1.398
1.398
1.398
1.398
0
1.398
0
1.398
1.398
1.398
1.398
1.398
1.398
0
1.398
1.398
0
1.398
1.398
1.398
0
1.398
1.398
0
1.398
1.398
1.398
1.398
1.398
1.398
1.398
1.398
1.398
1.398
0
1.398
1.398
0
0
1.398
1.398
0
1.398
0
1.398
1.398
0
1.398
1.398
1.398
0
1.398
1.398
1.398
1.398
0
1.398
1.398
0
1.398
0
1.398
0
1.398
0
1.398
0
1.398
1.398
1.398
1.398
0
1.398
1.398
1.398
0
0
1.398
0
1.398
1.398
1.398
1.398
1.398
0
1.398
0
1.398
1.398
1.398
1.398
1.398
1.398
1.398
1.398
0
1.398
1.398
0
0
1.398
1.398
1.398
1.398
1.398
1.398
0
0
0
1.398
0
1.398
1.398
1.398
0
0
1.398
1.398
0
1.398
1.398
1.398
1.398
1.398
1.398
1.398
0
0
1.398
0
0
1.398
1.398
1.398
0
1.398
1.398
0
1.398
0
1.398
1.398
1.398
1.398
0
1.398
1.398
1.398
1.398
1.398
1.398
1.398
1.398
1.398
0
1.398
0
1.398
0
1.398
0
1.398
1.398
0
1.398
0
1.398
0
0
1.398
0
1.398
1.398
1.398
1.398
1.398
1.398
1.398
1.398
0
0
1.398
1.398
1.398
1.398
0
0
1.398
1.398
1.398
1.398
0
1.398
1.398
1.398
1.398
0
1.398
0
1.398
1.398
1.398
1.398
1.398
1.398
1.398
1.398
1.398
0
1.398
0
1.398
1.398
0
1.398
1.398
1.398
1.398
1.398
1.398
1.398
0
1.398
1.398
0
1.398
1.398
1.398
1.398
1.398
1.398
1.398
1.398
1.398
1.398
1.398
1.398
1.398
1.398
1.398
1.398
1.398
0
1.398
1.398
1.398
0
1.398
1.398
1.398
1.398
1.398
0
1.398
0
1.398
1.398
1.398
0
1.398
0
1.398
1.398
1.398
1.398
0
1.398
1.398
1.398
1.398
1.398
0
1.398
0
1.398
1.398
1.398
1.398
0
1.398
1.398
1.398
1.398
0
1.398
1.398
1.398
1.398
1.398
1.398
1.398
1.398
1.398
1.398
0
1.398
0
0
1.398
1.398
0
1.398
1.398
1.398
1.398
0
1.398
1.398
1.398
1.398
1.398
1.398
1.398
1.398
1.398
1.398
1.398
0
1.398
1.398
0
1.398
1.398
0
1.398
1.398
1.398
0
1.398
1.398
0
1.398
1.398
1.398
0
1.398
1.398
1.398
1.398
1.398
1.398
1.398
1.398
1.398
1.398
1.398
1.398
1.398
1.398
1.398
1.398
1.398
0
1.398
1.398
0
0
1.398
1.398
0
1.398
1.398
0
0
1.398
1.398
1.398
1.398
1.398
0
0
1.398
0
1.398
1.398
1.398
0
0
1.398
1.398
1.398
1.398
1.398
1.398
1.398
1.398
0
0
1.398
1.398
1.398
1.398
1.398
1.398
1.398
1.398
1.398
0
1.398
0
1.398
0
1.398
1.398
0
0
1.398
0
1.398
1.398
1.398
1.398
1.398
1.398
1.398
1.398
1.398
1.398
1.398
1.398
1.398
1.398
0
1.398
1.398
1.398
0
1.398
0
1.398
1.398
1.398
1.398
1.398
1.398
0
1.398
1.398
1.398
0
1.398
1.398
0
1.398
1.398
1.398
1.398
1.398
1.398
1.398
0
1.398
1.398
0
0
1.398
1.398
1.398
1.398
1.398
0
1.398
1.398
0
1.398
0
1.398
1.398
0
1.398
0
1.398
1.398
1.398
0
1.398
1.398
1.398
0
0
1.398
1.398
1.398
1.398
0
1.398
1.398
1.398
0
1.398
1.398
1.398
1.398
1.398
0
1.398
1.398
1.398
1.398
1.398
1.398
1.398
0
1.398
1.398
1.398
1.398
1.398
1.398
0
1.398
1.398
1.398
0
1.398
1.398
0
0
1.398
1.398
1.398
1.398
1.398
1.398
1.398
0
1.398
1.398
1.398
1.398
0
1.398
1.398
1.398
1.398
1.398
1.398
0
0
1.398
1.398
0
0
1.398
1.398
1.398
1.398
1.398
1.398
0
1.398
1.398
1.398
1.398
1.398
1.398
1.398
1.398
1.398
1.398
2.7959
1.398
1.398
1.398
1.398
0
1.398
1.398
1.398
1.398
0
1.398
1.398
1.398
1.398
1.398
1.398
1.398
1.398
1.398
1.398
1.398
1.398
2.7959
135.6024
271.2048
254.4292
201.3066
254.4292
374.654
497.6748
629.0833
722.7468
801.0327
945.0229
1207.8399
1581.0959
2061.9952
2685.4866
2861.6299
2861.6299
2861.6299
2809.9053
2302.4448
1890.0457
1613.2491
1402.1567
1213.4317
1070.8395
993.9516
991.1556
1005.1353
1002.3393
974.3801
959.0025
964.5943
974.3801
974.3801
961.7984
956.2066
965.9923
992.5536
1012.1251
1023.3088
1040.0843
1065.2477
1102.9927
1133.7478
1156.1152
1179.8806
1212.0338
1248.3808
1283.3299
1314.085
1336.4525
1403.5547
1490.2284
1613.2491
1761.4331
1859.2905
1940.3724
2073.1789
2253.5161
2474.3942
2684.0886
2837.8645
2861.6299
2861.6299
2861.6299
2861.6299
2861.6299
2861.6299
2861.6299
2861.6299
2861.6299
2861.6299
2861.6299
2861.6299
2861.6299
2861.6299
2861.6299
2861.6299
2861.6299
2861.6299
2861.6299
2861.6299
2861.6299
2787.5379
2699.4662
2615.5884
2530.3127
2442.241
2356.9653
2282.8733
2218.567
2159.8526
2099.7402
2039.6277
1980.9133
1920.8009
1857.8926
1792.1883
1726.4841
1666.3717
1614.6471
1565.7184
1520.9835
1480.4426
1449.6874
1421.7282
1399.3608
1379.7893
1364.4117
1349.0341
1337.8504
1326.6667
1316.881
1309.8912
1305.6973
1301.5034
1300.1054
1297.3095
1294.5136
1293.1156
1294.5136
1297.3095
1300.1054
1307.0952
1312.6871
1321.0749
1329.4626
1340.6463
1351.83
1363.0137
1375.5954
1386.7791
1396.5649
1407.7486
1418.9323
1434.3099
1448.2895
1462.2691
1472.0548
1480.4426
1487.4324
1495.8202
1505.606
1513.9937
1522.3815
1527.9734
1533.5652
1536.3611
1537.7591
1539.1571
1541.953
1543.3509
1543.3509
1540.555
1537.7591
1533.5652
1527.9734
1520.9835
1515.3917
1507.0039
1501.4121
1493.0243
1486.0345
1479.0447
1472.0548
1465.065
1458.0752
1452.4834
1446.8915
1441.2997
1435.7078
1430.116
1424.5241
1420.3302
1413.3404
1407.7486
1402.1567
1396.5649
1390.973
1383.9832
1376.9934
1371.4015
1364.4117
1358.8199
1351.83
1344.8402
1337.8504
1330.8606
1323.8708
1316.881
1309.8912
1301.5034
1293.1156
1286.1258
1277.738
1269.3502
1260.9625
1252.5747
1244.1869
1237.1971
1228.8093
1221.8195
1214.8297
1207.8399
1202.248
1195.2582
1189.6664
1184.0745
1178.4827
1172.8908
1165.901
1163.1051
1156.1152
1150.5234
1144.9315
1137.9417
1132.3499
1125.3601
1118.3703
1112.7784
1105.7886
1098.7988
1093.2069
1087.6151
1080.6253
1073.6354
1068.0436
1061.0538
1055.4619
1048.4721
1042.8803
1038.6864
1033.0945
1027.5027
1021.9108
1016.319
1012.1251
1006.5332
1002.3393
998.1455
992.5536
988.3597
984.1658
978.574
974.3801
970.1862
965.9923
961.7984
957.6045
952.0127
947.8188
943.6249
939.431
933.8392
928.2473
922.6555
918.4616
912.8697
908.6758
903.084
897.4921
891.9003
886.3084
882.1145
877.9206
873.7268
868.1349
